"時間軸（年次） コード","時間軸（年次）","全国，都道府県，市区町村 コード","全国，都道府県，市区町村","/表章事項","2015年（平成27年）の人口（組替）【人】","世帯数【世帯】","2015年（平成27年）の世帯数（組替）【世帯】","5年間の人口増減数【人】","5年間の人口増減率【％】","5年間の世帯増減数【世帯】","5年間の世帯増減率【％】","人口性比","面積（参考）【km2】","人口密度【1km2当たり】"
"2020000000","2020年","00000","全国","","127,094,745","55,719,562","53,448,685","-868,177","-0.68309","2,270,877","4.24871","94.59422","377,976.41","338.4"
"2020000000","2020年","01000","北海道","","5,381,733","2,471,140","2,444,810","-152,848","-2.84013","26,330","1.07698","89.22583","83,424.44","66.7"
"2020000000","2020年","01100","札幌市","","1,952,356","966,009","921,837","22,709","1.16316","44,172","4.79174","86.97477","1,121.26","1,761.5"
"2020000000","2020年","01101","札幌市中央区","","237,627","140,898","132,006","11,213","4.71874","8,892","6.73606","82.92486","46.42","5,360.6"
"2020000000","2020年","01102","札幌市北区","","285,321","139,019","133,662","4,346","1.52320","5,357","4.00787","89.30504","63.57","4,556.7"
"2020000000","2020年","01103","札幌市東区","","261,912","131,156","124,425","3,624","1.38367","6,731","5.40968","90.27201","56.97","4,661.0"
"2020000000","2020年","01104","札幌市白石区","","209,584","107,667","104,608","2,417","1.15324","3,059","2.92425","89.40499","34.47","6,150.3"
"2020000000","2020年","01105","札幌市豊平区","","218,652","118,256","110,171","6,830","3.12369","8,085","7.33859","85.88941","46.23","4,877.4"
"2020000000","2020年","01106","札幌市南区","","141,190","62,013","61,291","-5,224","-3.69998","722","1.17799","84.76905","657.48","206.8"
"2020000000","2020年","01107","札幌市西区","","213,578","103,480","97,750","3,652","1.70991","5,730","5.86189","85.42419","75.10","2,892.5"
"2020000000","2020年","01108","札幌市厚別区","","127,767","57,208","55,585","-2,585","-2.02321","1,623","2.91985","82.90498","24.38","5,134.6"
"2020000000","2020年","01109","札幌市手稲区","","140,999","60,775","57,333","1,713","1.21490","3,442","6.00352","88.28931","56.77","2,513.9"
"2020000000","2020年","01110","札幌市清田区","","115,726","45,537","45,006","-3,277","-2.83169","531","1.17984","88.93593","59.87","1,878.2"
"2020000000","2020年","01202","函館市","","265,979","121,570","123,950","-14,708","-5.52976","-2,380","-1.92013","83.01007","677.87","370.7"
"2020000000","2020年","01203","小樽市","","121,924","52,704","55,466","-10,502","-8.61356","-2,762","-4.97963","81.84222","243.83","457.0"
"2020000000","2020年","01204","旭川市","","339,605","156,185","155,747","-10,092","-2.97169","438","0.28123","85.79709","747.66","440.7"
"2020000000","2020年","01205","室蘭市","","88,564","41,496","43,616","-6,107","-6.89558","-2,120","-4.86060","96.07410","81.01","1,017.9"
"2020000000","2020年","01206","釧路市","","174,742","80,161","82,078","-9,512","-5.44345","-1,917","-2.33558","88.36499","1,363.29","121.2"
"2020000000","2020年","01207","帯広市","","169,327","80,104","77,707","-2,637","-1.55734","2,397","3.08466","91.49205","619.34","269.1"
"2020000000","2020年","01208","北見市","","121,226","55,070","56,202","-5,618","-4.63432","-1,132","-2.01416","89.93855","1,427.41","81.0"
"2020000000","2020年","01209","夕張市","","8,843","3,814","4,539","-1,502","-16.98519","-725","-15.97268","85.56623","763.07","9.6"
"2020000000","2020年","01210","岩見沢市","","84,499","35,381","36,155","-5,075","-6.00599","-774","-2.14078","87.82576","481.02","165.1"
"2020000000","2020年","01211","網走市","","39,077","17,241","18,035","-3,294","-8.42951","-794","-4.40255","101.95846","471.00","76.0"
"2020000000","2020年","01212","留萌市","","22,221","9,795","10,402","-2,098","-9.44152","-607","-5.83542","92.19675","297.84","67.6"
"2020000000","2020年","01213","苫小牧市","","172,737","79,994","78,298","-2,503","-1.44902","1,696","2.16608","96.40949","561.57","303.1"
"2020000000","2020年","01214","稚内市","","36,380","16,053","16,486","-2,796","-7.68554","-433","-2.62647","98.26436","761.47","44.1"
"2020000000","2020年","01215","美唄市","","23,035","9,401","10,173","-2,605","-11.30888","-772","-7.58872","88.08691","277.69","73.6"
"2020000000","2020年","01216","芦別市","","14,676","6,048","6,862","-2,098","-14.29545","-814","-11.86243","84.69897","865.04","14.5"
"2020000000","2020年","01217","江別市","","120,636","53,925","51,983","509","0.42193","1,942","3.73584","90.47656","187.38","646.5"
"2020000000","2020年","01218","赤平市","","11,105","4,491","4,980","-1,398","-12.58892","-489","-9.81928","82.53103","129.88","74.7"
"2020000000","2020年","01219","紋別市","","23,109","11,213","11,127","-1,885","-8.15700","86","0.77289","87.50773","830.67","25.6"
"2020000000","2020年","01220","士別市","","19,914","8,180","8,650","-2,042","-10.25409","-470","-5.43353","89.10168","1,119.22","16.0"
"2020000000","2020年","01221","名寄市","","29,048","12,789","13,086","-1,759","-6.05549","-297","-2.26960","95.36798","535.20","51.0"
"2020000000","2020年","01222","三笠市","","9,076","3,825","4,254","-1,038","-11.43676","-429","-10.08463","82.35027","302.52","26.6"
"2020000000","2020年","01223","根室市","","26,917","11,156","11,383","-2,248","-8.35160","-227","-1.99420","91.17328","506.25","60.0"
"2020000000","2020年","01224","千歳市","","95,648","43,712","40,638","2,371","2.47888","3,074","7.56435","103.25350","594.50","164.9"
"2020000000","2020年","01225","滝川市","","41,192","18,695","18,651","-1,659","-4.02748","44","0.23591","90.97145","115.90","341.1"
"2020000000","2020年","01226","砂川市","","17,694","7,593","7,858","-1,188","-6.71414","-265","-3.37236","85.54406","78.68","209.8"
"2020000000","2020年","01227","歌志内市","","3,585","1,423","1,665","-596","-16.62483","-242","-14.53453","87.98742","55.95","53.4"
"2020000000","2020年","01228","深川市","","21,909","9,188","9,669","-1,847","-8.43033","-481","-4.97466","87.54791","529.42","37.9"
"2020000000","2020年","01229","富良野市","","22,936","9,561","9,929","-1,780","-7.76073","-368","-3.70631","88.79172","600.71","35.2"
"2020000000","2020年","01230","登別市","","49,625","20,927","21,681","-3,178","-6.40403","-754","-3.47770","91.22648","212.21","218.9"
"2020000000","2020年","01231","恵庭市","","69,702","30,133","28,846","676","0.96984","1,287","4.46162","93.96428","294.65","238.9"
"2020000000","2020年","01233","伊達市","","34,995","14,846","15,054","-2,138","-6.10944","-208","-1.38169","85.77971","444.21","74.0"
"2020000000","2020年","01234","北広島市","","59,064","24,621","23,551","-830","-1.40526","1,070","4.54333","91.19443","119.05","489.2"
"2020000000","2020年","01235","石狩市","","57,436","23,055","22,632","-502","-0.87402","423","1.86903","92.32510","722.42","78.8"
"2020000000","2020年","01236","北斗市","","46,390","18,110","18,508","-2,059","-4.43846","-398","-2.15042","86.39785","397.44","111.5"
"2020000000","2020年","01303","当別町","","17,278","7,270","7,327","-1,357","-7.85392","-57","-0.77794","93.78043","422.86","37.7"
"2020000000","2020年","01304","新篠津村","","3,329","1,052","1,070","-283","-8.50105","-18","-1.68224","95.00640","78.04","39.0"
"2020000000","2020年","01331","松前町","","7,337","3,196","3,571","-1,077","-14.67902","-375","-10.50126","81.08186","293.25","21.3"
"2020000000","2020年","01332","福島町","","4,422","1,858","2,039","-628","-14.20172","-181","-8.87690","86.07160","187.25","20.3"
"2020000000","2020年","01333","知内町","","4,653","1,866","2,003","-486","-10.44487","-137","-6.83974","97.58179","196.75","21.2"
"2020000000","2020年","01334","木古内町","","4,547","1,870","2,140","-711","-15.63668","-270","-12.61682","84.15747","221.87","17.3"
"2020000000","2020年","01337","七飯町","","28,120","11,518","11,141","-413","-1.46871","377","3.38390","84.34464","216.75","127.8"
"2020000000","2020年","01343","鹿部町","","4,226","1,618","1,660","-464","-10.97965","-42","-2.53012","90.28832","110.63","34.0"
"2020000000","2020年","01345","森町","","15,946","6,331","6,628","-1,603","-10.05268","-297","-4.48099","86.73350","368.79","38.9"
"2020000000","2020年","01346","八雲町","","17,252","7,492","7,523","-1,408","-8.16137","-31","-0.41207","99.57173","956.08","16.6"
"2020000000","2020年","01347","長万部町","","5,926","2,450","2,685","-813","-13.71920","-235","-8.75233","91.85741","310.76","16.5"
"2020000000","2020年","01361","江差町","","8,248","3,522","3,752","-813","-9.85694","-230","-6.13006","92.01963","109.48","67.9"
"2020000000","2020年","01362","上ノ国町","","4,876","2,053","2,173","-568","-11.64889","-120","-5.52232","83.71002","547.71","7.9"
"2020000000","2020年","01363","厚沢部町","","4,049","1,645","1,765","-456","-11.26204","-120","-6.79887","91.72892","460.58","7.8"
"2020000000","2020年","01364","乙部町","","3,906","1,596","1,729","-500","-12.80082","-133","-7.69231","82.43171","162.59","20.9"
"2020000000","2020年","01367","奥尻町","","2,690","1,219","1,270","-278","-10.33457","-51","-4.01575","113.07420","142.99","16.9"
"2020000000","2020年","01370","今金町","","5,628","2,172","2,280","-552","-9.80810","-108","-4.73684","93.15068","568.25","8.9"
"2020000000","2020年","01371","せたな町","","8,473","3,534","3,862","-1,068","-12.60474","-328","-8.49301","87.99188","638.68","11.6"
"2020000000","2020年","01391","島牧村","","1,499","625","661","-147","-9.80654","-36","-5.44629","103.00300","437.18","3.1"
"2020000000","2020年","01392","寿都町","","3,137","1,338","1,420","-300","-9.56328","-82","-5.77465","96.74064","95.25","29.8"
"2020000000","2020年","01393","黒松内町","","3,082","1,307","1,336","-289","-9.37703","-29","-2.17066","93.68932","345.65","8.1"
"2020000000","2020年","01394","蘭越町","","4,843","2,098","2,086","-270","-5.57506","12","0.57526","92.46633","449.78","10.2"
"2020000000","2020年","01395","ニセコ町","","4,958","2,511","2,274","119","2.40016","237","10.42216","106.80244","197.13","25.8"
"2020000000","2020年","01396","真狩村","","2,103","903","855","-57","-2.71041","48","5.61404","102.57426","114.25","17.9"
"2020000000","2020年","01397","留寿都村","","1,907","970","915","2","0.10488","55","6.01093","103.73533","119.84","15.9"
"2020000000","2020年","01398","喜茂別町","","2,294","1,129","1,123","-139","-6.05929","6","0.53428","107.01249","189.41","11.4"
"2020000000","2020年","01399","京極町","","3,187","1,259","1,281","-245","-7.68748","-22","-1.71741","93.29829","231.49","12.7"
"2020000000","2020年","01400","倶知安町","","15,018","7,609","6,974","119","0.79238","635","9.10525","105.97360","261.34","57.9"
"2020000000","2020年","01401","共和町","","6,224","2,735","2,854","-449","-7.21401","-119","-4.16959","111.69355","304.92","18.9"
"2020000000","2020年","01402","岩内町","","13,042","5,746","6,228","-1,388","-10.64254","-482","-7.73924","89.55758","70.60","165.1"
"2020000000","2020年","01403","泊村","","1,771","812","886","-199","-11.23659","-74","-8.35214","99.74587","82.27","19.1"
"2020000000","2020年","01404","神恵内村","","1,004","400","434","-134","-13.34661","-34","-7.83410","84.32203","147.79","5.9"
"2020000000","2020年","01405","積丹町","","2,115","884","994","-284","-13.42790","-110","-11.06640","87.60246","238.13","7.7"
"2020000000","2020年","01406","古平町","","3,188","1,248","1,446","-433","-13.58218","-198","-13.69295","90.13112","188.36","14.6"
"2020000000","2020年","01407","仁木町","","3,498","1,332","1,480","-316","-9.03373","-148","-10.00000","91.91797","167.96","18.9"
"2020000000","2020年","01408","余市町","","19,607","8,272","8,769","-1,595","-8.13485","-497","-5.66769","86.22829","140.59","128.1"
"2020000000","2020年","01409","赤井川村","","1,121","621","534","44","3.92507","87","16.29213","108.03571","280.09","4.2"
"2020000000","2020年","01423","南幌町","","7,927","2,946","2,973","-599","-7.55645","-27","-0.90817","89.59897","81.36","90.1"
"2020000000","2020年","01424","奈井江町","","5,674","2,320","2,466","-552","-9.72859","-146","-5.92052","88.51675","88.19","58.1"
"2020000000","2020年","01425","上砂川町","","3,479","1,485","1,744","-632","-18.16614","-259","-14.85092","82.85164","39.98","71.2"
"2020000000","2020年","01427","由仁町","","5,314","2,061","2,149","-496","-9.33384","-88","-4.09493","91.26638","133.74","36.0"
"2020000000","2020年","01428","長沼町","","11,076","4,089","4,257","-776","-7.00614","-168","-3.94644","91.66357","168.52","61.1"
"2020000000","2020年","01429","栗山町","","12,344","4,958","5,186","-1,082","-8.76539","-228","-4.39645","84.77441","203.93","55.2"
"2020000000","2020年","01430","月形町","","4,577","1,324","1,466","-885","-19.33581","-142","-9.68622","144.99005","150.40","24.5"
"2020000000","2020年","01431","浦臼町","","1,985","783","850","-260","-13.09824","-67","-7.88235","94.25676","101.83","16.9"
"2020000000","2020年","01432","新十津川町","","6,831","2,537","2,570","-345","-5.05051","-33","-1.28405","84.57598","495.47","13.1"
"2020000000","2020年","01433","妹背牛町","","3,091","1,257","1,269","-395","-12.77904","-12","-0.94563","91.74964","48.64","55.4"
"2020000000","2020年","01434","秩父別町","","2,513","982","1,017","-183","-7.28213","-35","-3.44149","85.21463","47.18","49.4"
"2020000000","2020年","01436","雨竜町","","2,749","926","1,005","-357","-12.98654","-79","-7.86070","95.10604","191.15","12.5"
"2020000000","2020年","01437","北竜町","","1,981","748","782","-270","-13.62948","-34","-4.34783","92.46344","158.70","10.8"
"2020000000","2020年","01438","沼田町","","3,181","1,241","1,333","-278","-8.73939","-92","-6.90173","91.74373","283.35","10.2"
"2020000000","2020年","01452","鷹栖町","","7,018","2,657","2,717","-446","-6.35509","-60","-2.20832","89.66811","139.42","47.1"
"2020000000","2020年","01453","東神楽町","","10,233","3,841","3,657","-92","-0.89905","184","5.03145","86.48400","68.50","148.0"
"2020000000","2020年","01454","当麻町","","6,689","2,776","2,698","-363","-5.42682","78","2.89103","85.51320","204.90","30.9"
"2020000000","2020年","01455","比布町","","3,777","1,569","1,586","-257","-6.80434","-17","-1.07188","89.45102","86.90","40.5"
"2020000000","2020年","01456","愛別町","","2,976","1,187","1,305","-366","-12.29839","-118","-9.04215","87.50000","250.13","10.4"
"2020000000","2020年","01457","上川町","","4,044","1,913","2,102","-542","-13.40257","-189","-8.99144","95.31511","1,049.47","3.3"
"2020000000","2020年","01458","東川町","","8,111","3,408","3,148","204","2.51510","260","8.25921","87.40140","247.30","33.6"
"2020000000","2020年","01459","美瑛町","","10,292","4,214","4,288","-575","-5.58686","-74","-1.72575","86.54252","676.78","14.4"
"2020000000","2020年","01460","上富良野町","","10,826","4,290","4,363","-473","-4.36911","-73","-1.67316","107.26727","237.10","43.7"
"2020000000","2020年","01461","中富良野町","","5,069","1,977","2,025","-328","-6.47070","-48","-2.37037","91.32365","108.65","43.6"
"2020000000","2020年","01462","南富良野町","","2,555","1,085","1,132","-179","-7.00587","-47","-4.15194","106.96864","665.54","3.6"
"2020000000","2020年","01463","占冠村","","1,211","849","704","96","7.92733","145","20.59659","99.54198","571.41","2.3"
"2020000000","2020年","01464","和寒町","","3,596","1,433","1,533","-403","-11.20690","-100","-6.52316","88.37758","225.11","14.2"
"2020000000","2020年","01465","剣淵町","","3,228","1,239","1,330","-301","-9.32466","-91","-6.84211","95.00333","130.99","22.3"
"2020000000","2020年","01468","下川町","","3,547","1,467","1,674","-420","-11.84099","-207","-12.36559","91.48806","644.20","4.9"
"2020000000","2020年","01469","美深町","","4,659","1,912","2,041","-512","-10.98948","-129","-6.32043","96.63348","672.09","6.2"
"2020000000","2020年","01470","音威子府村","","832","346","405","-126","-15.14423","-59","-14.56790","107.03812","275.63","2.6"
"2020000000","2020年","01471","中川町","","1,767","822","897","-239","-13.52575","-75","-8.36120","111.34163","594.74","2.6"
"2020000000","2020年","01472","幌加内町","","1,525","676","690","-154","-10.09836","-14","-2.02899","98.98403","767.04","1.8"
"2020000000","2020年","01481","増毛町","","4,497","1,809","2,051","-585","-13.00867","-242","-11.79912","82.97474","369.71","10.6"
"2020000000","2020年","01482","小平町","","3,336","1,374","1,406","-338","-10.13189","-32","-2.27596","91.44317","627.22","4.8"
"2020000000","2020年","01483","苫前町","","3,265","1,346","1,420","-329","-10.07657","-74","-5.21127","94.17989","454.60","6.5"
"2020000000","2020年","01484","羽幌町","","7,327","3,144","3,367","-776","-10.59096","-223","-6.62311","93.35891","472.65","13.9"
"2020000000","2020年","01485","初山別村","","1,217","505","537","-137","-11.25719","-32","-5.95903","92.17082","279.52","3.9"
"2020000000","2020年","01486","遠別町","","2,806","1,194","1,225","-285","-10.15681","-31","-2.53061","94.37163","590.80","4.3"
"2020000000","2020年","01487","天塩町","","3,243","1,445","1,502","-293","-9.03484","-57","-3.79494","100.54385","353.56","8.3"
"2020000000","2020年","01511","猿払村","","2,684","1,238","1,174","-72","-2.68256","64","5.45145","96.98341","589.99","4.4"
"2020000000","2020年","01512","浜頓別町","","3,881","1,719","1,845","-427","-11.00232","-126","-6.82927","94.48198","401.64","8.6"
"2020000000","2020年","01513","中頓別町","","1,757","774","775","-119","-6.77291","-1","-0.12903","99.75610","398.51","4.1"
"2020000000","2020年","01514","枝幸町","","8,437","3,518","3,772","-858","-10.16949","-254","-6.73383","90.37930","1,115.93","6.8"
"2020000000","2020年","01516","豊富町","","4,054","1,946","1,782","-79","-1.94869","164","9.20314","111.88699","520.69","7.6"
"2020000000","2020年","01517","礼文町","","2,773","1,244","1,353","-263","-9.48431","-109","-8.05617","104.89796","81.64","30.7"
"2020000000","2020年","01518","利尻町","","2,303","1,038","1,154","-298","-12.93964","-116","-10.05199","98.12253","76.50","26.2"
"2020000000","2020年","01519","利尻富士町","","2,787","1,199","1,264","-330","-11.84069","-65","-5.14241","93.31235","105.62","23.3"
"2020000000","2020年","01520","幌延町","","2,447","1,231","1,138","-74","-3.02411","93","8.17223","119.51896","574.10","4.1"
"2020000000","2020年","01543","美幌町","","20,296","8,323","8,626","-1,591","-7.83898","-303","-3.51264","94.09567","438.41","42.7"
"2020000000","2020年","01544","津別町","","5,008","2,043","2,231","-639","-12.75958","-188","-8.42671","92.12841","716.80","6.1"
"2020000000","2020年","01545","斜里町","","12,231","5,371","5,547","-788","-6.44265","-176","-3.17289","98.76672","737.13","15.5"
"2020000000","2020年","01546","清里町","","4,221","1,589","1,671","-333","-7.88913","-82","-4.90724","94.10884","402.76","9.7"
"2020000000","2020年","01547","小清水町","","5,085","1,943","2,033","-464","-9.12488","-90","-4.42696","91.50435","286.89","16.1"
"2020000000","2020年","01549","訓子府町","","5,100","1,873","1,910","-418","-8.19608","-37","-1.93717","91.80664","190.95","24.5"
"2020000000","2020年","01550","置戸町","","3,092","1,202","1,304","-316","-10.21992","-102","-7.82209","85.43754","527.27","5.3"
"2020000000","2020年","01552","佐呂間町","","5,362","2,265","2,311","-483","-9.00783","-46","-1.99048","89.10853","404.94","12.0"
"2020000000","2020年","01555","遠軽町","","20,873","8,803","9,278","-1,623","-7.77560","-475","-5.11964","94.24823","1,332.45","14.4"
"2020000000","2020年","01559","湧別町","","9,231","3,692","3,861","-956","-10.35641","-169","-4.37710","91.32948","505.79","16.4"
"2020000000","2020年","01560","滝上町","","2,721","1,226","1,295","-300","-11.02536","-69","-5.32819","94.61415","766.89","3.2"
"2020000000","2020年","01561","興部町","","3,909","1,711","1,757","-280","-7.16296","-46","-2.61810","94.58445","362.54","10.0"
"2020000000","2020年","01562","西興部村","","1,116","492","501","-64","-5.73477","-9","-1.79641","97.74436","308.08","3.4"
"2020000000","2020年","01563","雄武町","","4,525","1,908","2,062","-321","-7.09392","-154","-7.46848","91.26479","636.89","6.6"
"2020000000","2020年","01564","大空町","","7,360","2,746","2,874","-539","-7.32337","-128","-4.45372","95.66839","343.66","19.8"
"2020000000","2020年","01571","豊浦町","","4,291","1,773","1,973","-467","-10.88324","-200","-10.13685","87.45098","233.57","16.4"
"2020000000","2020年","01575","壮瞥町","","2,922","1,170","1,168","-173","-5.92060","2","0.17123","87.90157","205.01","13.4"
"2020000000","2020年","01578","白老町","","17,740","7,679","7,955","-1,515","-8.54002","-276","-3.46952","90.50135","425.64","38.1"
"2020000000","2020年","01581","厚真町","","4,838","1,932","2,126","-399","-8.24721","-194","-9.12512","102.69406","404.61","11.0"
"2020000000","2020年","01584","洞爺湖町","","9,299","4,047","4,240","-846","-9.09775","-193","-4.55189","86.14843","180.87","46.7"
"2020000000","2020年","01585","安平町","","8,148","3,450","3,651","-805","-9.87973","-201","-5.50534","97.92453","237.16","31.0"
"2020000000","2020年","01586","むかわ町","","8,596","3,672","3,784","-946","-11.00512","-112","-2.95983","97.87894","711.36","10.8"
"2020000000","2020年","01601","日高町","","12,378","5,549","5,781","-1,089","-8.79787","-232","-4.01315","102.38437","992.14","11.4"
"2020000000","2020年","01602","平取町","","5,315","2,295","2,373","-555","-10.44214","-78","-3.28698","100.33670","743.09","6.4"
"2020000000","2020年","01604","新冠町","","5,592","2,451","2,405","-277","-4.95351","46","1.91268","96.12546","585.81","9.1"
"2020000000","2020年","01607","浦河町","","13,075","5,908","6,178","-992","-7.58700","-270","-4.37035","97.69306","694.26","17.4"
"2020000000","2020年","01608","様似町","","4,518","1,915","2,044","-473","-10.46923","-129","-6.31115","90.71193","364.30","11.1"
"2020000000","2020年","01609","えりも町","","4,906","1,808","1,929","-530","-10.80310","-121","-6.27268","104.10448","284.00","15.4"
"2020000000","2020年","01610","新ひだか町","","23,231","10,198","10,443","-1,709","-7.35655","-245","-2.34607","94.83976","1,147.55","18.8"
"2020000000","2020年","01631","音更町","","44,807","18,306","18,019","-1,194","-2.66476","287","1.59276","89.82807","466.02","93.6"
"2020000000","2020年","01632","士幌町","","6,132","2,522","2,479","-278","-4.53359","43","1.73457","97.57003","259.19","22.6"
"2020000000","2020年","01633","上士幌町","","4,765","2,495","2,177","5","0.10493","318","14.60726","96.37711","694.23","6.9"
"2020000000","2020年","01634","鹿追町","","5,542","2,252","2,258","-272","-4.90798","-6","-0.26572","95.83798","402.88","13.1"
"2020000000","2020年","01635","新得町","","6,288","2,847","3,043","-471","-7.49046","-196","-6.44101","99.55403","1,063.83","5.5"
"2020000000","2020年","01636","清水町","","9,599","4,158","4,131","-493","-5.13595","27","0.65359","96.88649","402.25","22.6"
"2020000000","2020年","01637","芽室町","","18,484","7,238","7,169","-406","-2.19649","69","0.96248","91.05897","513.76","35.2"
"2020000000","2020年","01638","中札内村","","3,966","1,684","1,609","-75","-1.89107","75","4.66128","93.58209","292.58","13.3"
"2020000000","2020年","01639","更別村","","3,185","1,311","1,239","-105","-3.29670","72","5.81114","97.18310","176.90","17.4"
"2020000000","2020年","01641","大樹町","","5,738","2,593","2,534","-314","-5.47229","59","2.32833","100.07377","815.68","6.6"
"2020000000","2020年","01642","広尾町","","7,030","3,001","3,157","-642","-9.13229","-156","-4.94140","94.10514","596.54","10.7"
"2020000000","2020年","01643","幕別町","","26,760","11,013","10,944","-982","-3.66966","69","0.63048","90.49660","477.64","54.0"
"2020000000","2020年","01644","池田町","","6,882","2,966","3,044","-583","-8.47137","-78","-2.56242","89.32973","371.79","16.9"
"2020000000","2020年","01645","豊頃町","","3,182","1,354","1,362","-162","-5.09114","-8","-0.58737","95.84955","536.71","5.6"
"2020000000","2020年","01646","本別町","","7,358","3,099","3,260","-734","-9.97554","-161","-4.93865","95.11046","391.91","16.9"
"2020000000","2020年","01647","足寄町","","6,990","3,095","3,179","-428","-6.12303","-84","-2.64234","95.93909","1,408.04","4.7"
"2020000000","2020年","01648","陸別町","","2,482","1,051","1,128","-217","-8.74295","-77","-6.82624","100.97604","608.90","3.7"
"2020000000","2020年","01649","浦幌町","","4,919","1,992","2,086","-530","-10.77455","-94","-4.50623","95.15340","729.85","6.0"
"2020000000","2020年","01661","釧路町","","19,833","8,256","8,119","-718","-3.62023","137","1.68740","90.90183","252.66","75.7"
"2020000000","2020年","01662","厚岸町","","9,778","4,021","4,115","-885","-9.05093","-94","-2.28433","88.37111","739.27","12.0"
"2020000000","2020年","01663","浜中町","","6,061","2,310","2,325","-550","-9.07441","-15","-0.64516","98.02372","423.63","13.0"
"2020000000","2020年","01664","標茶町","","7,742","3,245","3,281","-512","-6.61328","-36","-1.09723","92.23611","1,099.37","6.6"
"2020000000","2020年","01665","弟子屈町","","7,758","3,320","3,509","-797","-10.27327","-189","-5.38615","90.97394","774.33","9.0"
"2020000000","2020年","01667","鶴居村","","2,534","1,119","1,026","30","1.18390","93","9.06433","96.17445","571.80","4.5"
"2020000000","2020年","01668","白糠町","","8,068","3,477","3,609","-774","-9.59346","-132","-3.65752","87.98969","773.13","9.4"
"2020000000","2020年","01691","別海町","","15,273","6,091","5,997","-891","-5.83382","94","1.56745","102.70613","1,319.63","10.9"
"2020000000","2020年","01692","中標津町","","23,774","10,567","10,437","-751","-3.15891","130","1.24557","97.08098","684.87","33.6"
"2020000000","2020年","01693","標津町","","5,242","2,205","2,169","-217","-4.13964","36","1.65975","95.90643","624.69","8.0"
"2020000000","2020年","01694","羅臼町","","5,415","1,946","2,101","-694","-12.81625","-155","-7.37744","98.52817","397.72","11.9"
"2020000000","2020年","02000","青森県","","1,308,265","510,943","510,945","-69,535","-5.31505","-2","-0.00039","89.06453","9,645.64","128.4"
"2020000000","2020年","02201","青森市","","287,648","118,293","118,234","-12,308","-4.27884","59","0.04990","86.99954","824.61","333.9"
"2020000000","2020年","02202","弘前市","","177,411","70,789","71,152","-8,847","-4.98673","-363","-0.51018","84.64673","524.20","321.6"
"2020000000","2020年","02203","八戸市","","231,257","95,716","93,750","-7,728","-3.34174","1,966","2.09707","91.55305","305.56","731.5"
"2020000000","2020年","02204","黒石市","","34,284","11,680","11,770","-2,312","-6.74367","-90","-0.76466","86.08928","217.05","147.3"
"2020000000","2020年","02205","五所川原市","","55,181","20,898","21,143","-3,746","-6.78857","-245","-1.15878","82.51011","404.20","127.3"
"2020000000","2020年","02206","十和田市","","63,429","25,531","25,487","-3,009","-4.74389","44","0.17264","90.42516","725.65","83.3"
"2020000000","2020年","02207","三沢市","","40,196","17,259","16,367","-1,015","-2.52513","892","5.44999","100.20950","119.87","326.9"
"2020000000","2020年","02208","むつ市","","58,493","24,072","24,475","-4,371","-7.47269","-403","-1.64658","93.15489","864.12","62.6"
"2020000000","2020年","02209","つがる市","","33,316","10,806","10,984","-2,337","-7.01465","-178","-1.62054","86.48567","253.55","122.2"
"2020000000","2020年","02210","平川市","","32,106","10,066","10,129","-1,485","-4.62530","-63","-0.62198","86.37249","346.01","88.5"
"2020000000","2020年","02301","平内町","","11,142","3,793","3,971","-1,013","-9.09173","-178","-4.48250","90.71738","217.09","46.7"
"2020000000","2020年","02303","今別町","","2,756","1,127","1,277","-421","-15.27576","-150","-11.74628","92.18107","125.27","18.6"
"2020000000","2020年","02304","蓬田村","","2,896","899","959","-353","-12.18923","-60","-6.25652","90.91592","80.84","31.5"
"2020000000","2020年","02307","外ヶ浜町","","6,198","2,350","2,577","-788","-12.71378","-227","-8.80869","87.97776","230.30","23.5"
"2020000000","2020年","02321","鰺ヶ沢町","","10,126","3,643","3,851","-1,079","-10.65574","-208","-5.40119","84.59498","343.08","26.4"
"2020000000","2020年","02323","深浦町","","8,429","3,047","3,304","-1,083","-12.84850","-257","-7.77845","86.06890","488.90","15.0"
"2020000000","2020年","02343","西目屋村","","1,415","437","488","-150","-10.60071","-51","-10.45082","87.13018","246.02","5.1"
"2020000000","2020年","02361","藤崎町","","15,179","4,960","4,942","-601","-3.95942","18","0.36423","86.27651","37.29","390.9"
"2020000000","2020年","02362","大鰐町","","9,676","3,228","3,421","-1,005","-10.38652","-193","-5.64163","83.12566","163.43","53.1"
"2020000000","2020年","02367","田舎館村","","7,783","2,400","2,382","-455","-5.84607","18","0.75567","87.75301","22.35","327.9"
"2020000000","2020年","02381","板柳町","","13,935","4,476","4,680","-1,223","-8.77646","-204","-4.35897","84.07182","41.88","303.5"
"2020000000","2020年","02384","鶴田町","","13,392","4,255","4,384","-1,315","-9.81930","-129","-2.94252","85.11649","46.43","260.1"
"2020000000","2020年","02387","中泊町","","11,187","3,869","4,118","-1,524","-13.62296","-249","-6.04662","84.76099","216.34","44.7"
"2020000000","2020年","02401","野辺地町","","13,524","5,325","5,565","-1,135","-8.39249","-240","-4.31267","87.37145","81.68","151.7"
"2020000000","2020年","02402","七戸町","","15,709","5,443","5,572","-1,145","-7.28882","-129","-2.31515","91.70725","337.23","43.2"
"2020000000","2020年","02405","六戸町","","10,423","3,833","3,570","33","0.31661","263","7.36695","94.71136","83.89","124.6"
"2020000000","2020年","02406","横浜町","","4,535","1,813","1,785","-304","-6.70342","28","1.56863","95.87963","126.38","33.5"
"2020000000","2020年","02408","東北町","","17,955","5,868","5,974","-1,514","-8.43219","-106","-1.77436","91.24113","326.50","50.4"
"2020000000","2020年","02411","六ヶ所村","","10,536","5,193","4,683","-167","-1.58504","510","10.89045","132.54093","252.68","41.0"
"2020000000","2020年","02412","おいらせ町","","24,222","9,180","8,658","60","0.24771","522","6.02911","91.90706","71.96","337.4"
"2020000000","2020年","02423","大間町","","5,227","2,107","2,152","-509","-9.73790","-45","-2.09108","101.19403","52.10","90.6"
"2020000000","2020年","02424","東通村","","6,607","2,559","2,578","-651","-9.85319","-19","-0.73701","113.17108","295.27","20.2"
"2020000000","2020年","02425","風間浦村","","1,976","754","823","-343","-17.35830","-69","-8.38396","90.10477","69.55","23.5"
"2020000000","2020年","02426","佐井村","","2,148","824","906","-360","-16.75978","-82","-9.05077","97.56906","135.04","13.2"
"2020000000","2020年","02441","三戸町","","10,135","3,564","3,756","-1,045","-10.31080","-192","-5.11182","89.49343","151.79","59.9"
"2020000000","2020年","02442","五戸町","","17,433","6,059","6,123","-1,382","-7.92749","-64","-1.04524","91.79113","177.67","90.3"
"2020000000","2020年","02443","田子町","","5,554","1,918","2,006","-584","-10.51494","-88","-4.38684","91.59599","241.98","20.5"
"2020000000","2020年","02445","南部町","","18,312","6,260","6,419","-1,490","-8.13674","-159","-2.47702","88.20765","153.12","109.9"
"2020000000","2020年","02446","階上町","","14,025","5,862","5,699","-519","-3.70053","163","2.86015","102.27647","94.00","143.7"
"2020000000","2020年","02450","新郷村","","2,509","787","831","-312","-12.43523","-44","-5.29483","94.42478","150.77","14.6"
"2020000000","2020年","03000","岩手県","","1,279,594","492,014","493,049","-68,388","-5.34451","-1,035","-0.20992","92.82912","15,275.01","79.3"
"2020000000","2020年","03201","盛岡市","","297,631","130,936","129,718","-7,738","-2.59986","1,218","0.93896","89.54316","886.47","327.0"
"2020000000","2020年","03202","宮古市","","56,676","21,303","23,387","-6,275","-11.07171","-2,084","-8.91093","93.74568","1,259.15","40.0"
"2020000000","2020年","03203","大船渡市","","38,058","14,115","14,807","-3,319","-8.72090","-692","-4.67347","92.42785","322.51","107.7"
"2020000000","2020年","03205","花巻市","","97,702","34,715","33,799","-4,468","-4.57309","916","2.71014","91.02979","908.39","102.6"
"2020000000","2020年","03206","北上市","","93,511","38,871","35,861","-422","-0.45128","3,010","8.39352","101.34317","437.55","212.8"
"2020000000","2020年","03207","久慈市","","35,642","14,118","14,256","-2,579","-7.23585","-138","-0.96801","92.60748","623.50","53.0"
"2020000000","2020年","03208","遠野市","","28,062","9,619","9,973","-2,681","-9.55385","-354","-3.54958","92.95271","825.97","30.7"
"2020000000","2020年","03209","一関市","","121,583","42,192","43,046","-9,613","-7.90653","-854","-1.98392","94.02183","1,256.42","89.1"
"2020000000","2020年","03210","陸前高田市","","19,758","7,148","7,487","-1,487","-7.52607","-339","-4.52785","93.65130","231.94","78.8"
"2020000000","2020年","03211","釜石市","","36,802","14,723","16,860","-4,706","-12.78735","-2,137","-12.67497","91.82405","440.35","72.9"
"2020000000","2020年","03213","二戸市","","27,611","10,511","10,670","-2,083","-7.54409","-159","-1.49016","88.59338","420.42","60.7"
"2020000000","2020年","03214","八幡平市","","26,355","9,151","9,429","-2,313","-8.77632","-278","-2.94835","91.84488","862.30","27.9"
"2020000000","2020年","03215","奥州市","","119,422","42,303","41,726","-6,395","-5.35496","577","1.38283","94.32133","993.30","113.8"
"2020000000","2020年","03216","滝沢市","","55,463","21,727","20,787","137","0.24701","940","4.52206","95.38251","182.46","304.7"
"2020000000","2020年","03301","雫石町","","16,981","5,426","5,508","-1,239","-7.29639","-82","-1.48874","90.99733","608.82","25.9"
"2020000000","2020年","03302","葛巻町","","6,344","2,342","2,460","-706","-11.12863","-118","-4.79675","93.87895","434.96","13.0"
"2020000000","2020年","03303","岩手町","","13,692","4,773","4,927","-1,398","-10.21034","-154","-3.12563","94.43302","360.46","34.1"
"2020000000","2020年","03321","紫波町","","32,614","11,370","10,808","-448","-1.37364","562","5.19985","91.79536","238.98","134.6"
"2020000000","2020年","03322","矢巾町","","27,678","10,954","9,902","398","1.43797","1,052","10.62412","90.59127","67.32","417.1"
"2020000000","2020年","03366","西和賀町","","5,880","1,994","2,146","-743","-12.63605","-152","-7.08295","86.32572","590.74","8.7"
"2020000000","2020年","03381","金ケ崎町","","15,895","5,919","5,556","-350","-2.20195","363","6.53348","106.99068","179.76","86.5"
"2020000000","2020年","03402","平泉町","","7,868","2,388","2,478","-610","-7.75292","-90","-3.63196","93.23749","63.39","114.5"
"2020000000","2020年","03441","住田町","","5,720","1,983","2,117","-670","-11.71329","-134","-6.32971","96.04037","334.84","15.1"
"2020000000","2020年","03461","大槌町","","11,759","4,533","4,927","-746","-6.34408","-394","-7.99675","90.63528","200.42","54.9"
"2020000000","2020年","03482","山田町","","15,826","5,640","6,218","-1,494","-9.44016","-578","-9.29559","92.89367","262.81","54.5"
"2020000000","2020年","03483","岩泉町","","9,841","3,953","4,174","-1,109","-11.26918","-221","-5.29468","98.36438","992.36","8.8"
"2020000000","2020年","03484","田野畑村","","3,466","1,233","1,292","-407","-11.74264","-59","-4.56656","99.67363","156.19","19.6"
"2020000000","2020年","03485","普代村","","2,795","1,031","1,103","-306","-10.94812","-72","-6.52765","100.24135","69.66","35.7"
"2020000000","2020年","03501","軽米町","","9,333","3,274","3,318","-910","-9.75035","-44","-1.32610","94.39188","245.82","34.3"
"2020000000","2020年","03503","野田村","","4,149","1,498","1,516","-211","-5.08556","-18","-1.18734","89.78313","80.80","48.7"
"2020000000","2020年","03506","九戸村","","5,865","1,924","1,990","-489","-8.33760","-66","-3.31658","90.50319","134.02","40.1"
"2020000000","2020年","03507","洋野町","","16,693","5,794","5,959","-1,595","-9.55490","-165","-2.76892","88.81941","302.92","49.8"
"2020000000","2020年","03524","一戸町","","12,919","4,553","4,844","-1,413","-10.93738","-291","-6.00743","91.67083","300.03","38.3"
"2020000000","2020年","04000","宮城県","","2,333,899","979,791","944,720","-30,412","-1.30306","35,071","3.71232","95.13188","7,282.29","316.3"
"2020000000","2020年","04100","仙台市","","1,082,159","523,620","498,953","15,037","1.38954","24,667","4.94375","94.03120","786.35","1,395.3"
"2020000000","2020年","04101","仙台市青葉区","","310,183","161,618","158,562","1,574","0.50744","3,056","1.92732","93.90164","302.24","1,031.5"
"2020000000","2020年","04102","仙台市宮城野区","","194,825","95,670","90,166","1,988","1.02040","5,504","6.10430","95.92156","58.25","3,378.8"
"2020000000","2020年","04103","仙台市若林区","","133,498","68,425","61,963","8,033","6.01732","6,462","10.42880","96.85244","50.86","2,782.8"
"2020000000","2020年","04104","仙台市太白区","","226,855","104,827","98,456","8,020","3.53530","6,371","6.47091","92.65314","228.39","1,028.4"
"2020000000","2020年","04105","仙台市泉区","","216,798","93,080","89,806","-4,578","-2.11164","3,274","3.64564","92.18474","146.61","1,447.5"
"2020000000","2020年","04202","石巻市","","147,214","56,374","56,819","-6,977","-4.73936","-445","-0.78319","94.98756","554.55","252.9"
"2020000000","2020年","04203","塩竈市","","54,187","21,216","20,519","-1,938","-3.57650","697","3.39685","91.03839","17.37","3,008.0"
"2020000000","2020年","04205","気仙沼市","","64,988","24,508","24,152","-3,817","-5.87339","356","1.47400","95.64703","332.44","184.0"
"2020000000","2020年","04206","白石市","","35,272","12,457","12,585","-2,538","-7.19551","-128","-1.01708","95.39187","286.48","114.3"
"2020000000","2020年","04207","名取市","","76,668","29,675","27,529","2,089","2.72474","2,146","7.79542","96.06413","98.18","802.2"
"2020000000","2020年","04208","角田市","","30,180","10,262","10,398","-2,184","-7.23658","-136","-1.30794","97.29387","147.53","189.8"
"2020000000","2020年","04209","多賀城市","","62,096","26,482","24,097","1,180","1.90028","2,385","9.89750","99.54588","19.69","3,213.6"
"2020000000","2020年","04211","岩沼市","","44,678","17,234","16,631","-587","-1.31385","603","3.62576","96.85240","60.45","729.4"
"2020000000","2020年","04212","登米市","","81,959","25,605","26,196","-5,856","-7.14504","-591","-2.25607","95.41650","536.12","142.0"
"2020000000","2020年","04213","栗原市","","69,906","22,696","23,133","-5,220","-7.46717","-437","-1.88908","92.85075","804.97","80.4"
"2020000000","2020年","04214","東松島市","","39,503","14,429","13,868","-382","-0.96702","561","4.04528","95.36080","101.30","386.2"
"2020000000","2020年","04215","大崎市","","133,391","48,780","48,307","-6,010","-4.50555","473","0.97915","96.11257","796.81","159.9"
"2020000000","2020年","04216","富谷市","","51,591","18,378","17,494","68","0.13181","884","5.05316","94.44068","49.18","1,050.4"
"2020000000","2020年","04301","蔵王町","","12,316","3,916","3,923","-888","-7.21013","-7","-0.17843","95.15027","152.83","74.8"
"2020000000","2020年","04302","七ヶ宿町","","1,461","523","567","-199","-13.62081","-44","-7.76014","96.57321","263.09","4.8"
"2020000000","2020年","04321","大河原町","","23,798","9,516","9,099","-223","-0.93705","417","4.58292","95.69187","24.99","943.4"
"2020000000","2020年","04322","村田町","","11,501","3,764","3,764","-831","-7.22546","0","0.00000","98.54857","78.38","136.1"
"2020000000","2020年","04323","柴田町","","39,525","15,530","15,121","-1,261","-3.19039","409","2.70485","102.24101","54.03","708.2"
"2020000000","2020年","04324","川崎町","","9,167","2,956","2,880","-814","-8.87968","76","2.63889","96.44873","270.77","30.8"
"2020000000","2020年","04341","丸森町","","13,972","4,423","4,547","-1,704","-12.19582","-124","-2.72707","99.57703","273.30","44.9"
"2020000000","2020年","04361","亘理町","","33,589","12,153","11,334","-491","-1.46179","819","7.22605","96.00853","73.60","449.7"
"2020000000","2020年","04362","山元町","","12,315","4,540","4,429","-264","-2.14373","111","2.50621","98.37037","64.58","186.6"
"2020000000","2020年","04401","松島町","","14,421","5,002","5,112","-1,080","-7.48908","-110","-2.15180","92.84475","53.56","249.1"
"2020000000","2020年","04404","七ヶ浜町","","18,652","6,445","6,167","-516","-2.76646","278","4.50786","99.07794","13.19","1,375.0"
"2020000000","2020年","04406","利府町","","35,835","12,527","12,191","-646","-1.80271","336","2.75613","95.67925","44.89","783.9"
"2020000000","2020年","04421","大和町","","28,244","11,382","10,177","542","1.91899","1,205","11.84042","108.36772","225.49","127.7"
"2020000000","2020年","04422","大郷町","","8,370","2,483","2,421","-545","-6.51135","62","2.56093","95.47839","82.01","95.4"
"2020000000","2020年","04424","大衡村","","5,703","1,878","1,755","146","2.56006","123","7.00855","100.23964","60.32","97.0"
"2020000000","2020年","04444","色麻町","","7,238","1,965","1,974","-529","-7.30865","-9","-0.45593","93.95779","109.28","61.4"
"2020000000","2020年","04445","加美町","","23,743","7,641","7,564","-1,791","-7.54328","77","1.01798","96.24531","460.67","47.7"
"2020000000","2020年","04501","涌谷町","","16,701","5,450","5,476","-1,300","-7.78397","-26","-0.47480","95.51860","82.16","187.5"
"2020000000","2020年","04505","美里町","","24,852","8,533","8,343","-841","-3.38403","190","2.27736","93.69958","74.99","320.2"
"2020000000","2020年","04581","女川町","","6,334","3,165","3,154","98","1.54721","11","0.34876","108.76339","65.35","98.4"
"2020000000","2020年","04606","南三陸町","","12,370","4,283","4,041","-140","-1.13177","242","5.98862","95.18034","163.40","74.8"
"2020000000","2020年","05000","秋田県","","1,023,119","385,422","388,560","-63,006","-6.15823","-3,138","-0.80760","89.13489","11,637.52","82.5"
"2020000000","2020年","05201","秋田市","","315,814","136,942","135,318","-7,929","-2.51066","1,624","1.20014","89.51201","906.07","339.8"
"2020000000","2020年","05202","能代市","","54,730","21,220","22,371","-4,725","-8.63329","-1,151","-5.14505","84.58160","426.95","117.1"
"2020000000","2020年","05203","横手市","","92,197","31,099","31,463","-6,613","-7.17268","-364","-1.15691","89.14427","692.80","123.5"
"2020000000","2020年","05204","大館市","","74,175","27,999","28,242","-4,895","-6.59926","-243","-0.86042","88.65047","913.22","75.9"
"2020000000","2020年","05206","男鹿市","","28,375","10,491","11,147","-3,200","-11.27753","-656","-5.88499","89.00150","241.09","104.4"
"2020000000","2020年","05207","湯沢市","","46,613","15,686","16,384","-4,517","-9.69043","-698","-4.26025","91.48472","790.91","53.2"
"2020000000","2020年","05209","鹿角市","","32,038","10,979","11,508","-2,931","-9.14851","-529","-4.59680","88.63901","707.52","41.1"
"2020000000","2020年","05210","由利本荘市","","79,927","28,313","28,349","-5,164","-6.46090","-36","-0.12699","92.17798","1,209.59","61.8"
"2020000000","2020年","05211","潟上市","","33,083","12,279","12,023","-1,340","-4.05042","256","2.12925","89.35218","97.72","324.8"
"2020000000","2020年","05212","大仙市","","82,783","28,429","28,198","-5,068","-6.12203","231","0.81921","87.64034","866.79","89.7"
"2020000000","2020年","05213","北秋田市","","33,224","12,079","12,222","-3,007","-9.05069","-143","-1.17002","88.24446","1,152.76","26.2"
"2020000000","2020年","05214","にかほ市","","25,324","8,632","8,804","-1,869","-7.38035","-172","-1.95366","91.87664","241.13","97.3"
"2020000000","2020年","05215","仙北市","","27,523","9,247","9,594","-2,894","-10.51484","-347","-3.61684","86.17431","1,093.56","22.5"
"2020000000","2020年","05303","小坂町","","5,339","2,044","2,168","-559","-10.47013","-124","-5.71956","87.59812","201.70","23.7"
"2020000000","2020年","05327","上小阿仁村","","2,381","831","918","-312","-13.10374","-87","-9.47712","91.21996","256.72","8.1"
"2020000000","2020年","05346","藤里町","","3,359","1,124","1,215","-461","-13.72432","-91","-7.48971","91.03494","282.13","10.3"
"2020000000","2020年","05348","三種町","","17,078","5,749","6,010","-1,812","-10.61014","-261","-4.34276","85.49210","247.98","61.6"
"2020000000","2020年","05349","八峰町","","7,309","2,615","2,706","-727","-9.94664","-91","-3.36290","87.30791","234.14","28.1"
"2020000000","2020年","05361","五城目町","","9,463","3,351","3,573","-919","-9.71151","-222","-6.21327","87.32734","214.92","39.8"
"2020000000","2020年","05363","八郎潟町","","6,080","2,139","2,220","-498","-8.19079","-81","-3.64865","83.07642","17.00","328.4"
"2020000000","2020年","05366","井川町","","4,986","1,529","1,563","-416","-8.34336","-34","-2.17530","87.37187","47.95","95.3"
"2020000000","2020年","05368","大潟村","","3,110","834","796","-96","-3.08682","38","4.77387","98.81266","170.11","17.7"
"2020000000","2020年","05434","美郷町","","20,279","5,994","6,152","-1,654","-8.15622","-158","-2.56827","87.61962","168.32","110.7"
"2020000000","2020年","05463","羽後町","","15,319","4,659","4,807","-1,497","-9.77218","-148","-3.07884","92.31947","230.78","59.9"
"2020000000","2020年","05464","東成瀬村","","2,610","1,158","809","97","3.71648","349","43.13968","122.61513","203.69","13.3"
"2020000000","2020年","06000","山形県","","1,123,891","398,358","393,396","-55,195","-4.91106","4,962","1.26132","93.54579","9,323.15","114.6"
"2020000000","2020年","06201","山形市","","253,832","102,531","100,303","-6,085","-2.39725","2,228","2.22127","92.46223","381.30","649.7"
"2020000000","2020年","06202","米沢市","","85,953","33,077","32,997","-4,627","-5.38317","80","0.24245","98.03248","548.51","148.3"
"2020000000","2020年","06203","鶴岡市","","129,652","45,780","45,339","-7,198","-5.55178","441","0.97267","91.89507","1,311.53","93.4"
"2020000000","2020年","06204","酒田市","","106,244","39,425","39,320","-5,924","-5.57584","105","0.26704","91.21319","602.97","166.4"
"2020000000","2020年","06205","新庄市","","36,894","12,819","12,961","-2,449","-6.63794","-142","-1.09559","91.32922","222.85","154.6"
"2020000000","2020年","06206","寒河江市","","41,256","13,655","13,086","-1,048","-2.54024","569","4.34816","94.44821","139.03","289.2"
"2020000000","2020年","06207","上山市","","31,569","10,557","10,694","-2,430","-7.69742","-137","-1.28109","91.43946","240.93","120.9"
"2020000000","2020年","06208","村山市","","24,684","7,579","7,713","-2,147","-8.69794","-134","-1.73733","94.31799","196.98","114.4"
"2020000000","2020年","06209","長井市","","27,757","9,481","9,109","-1,193","-4.29801","372","4.08387","95.25175","214.67","123.7"
"2020000000","2020年","06210","天童市","","62,194","22,556","21,428","-28","-0.04502","1,128","5.26414","94.59713","113.01","550.1"
"2020000000","2020年","06211","東根市","","47,768","16,537","15,473","-43","-0.09002","1,064","6.87649","97.26780","206.94","230.6"
"2020000000","2020年","06212","尾花沢市","","16,953","4,881","5,109","-1,969","-11.61446","-228","-4.46271","95.74135","372.53","40.2"
"2020000000","2020年","06213","南陽市","","32,285","10,754","10,705","-1,848","-5.72402","49","0.45773","92.89562","160.52","189.6"
"2020000000","2020年","06301","山辺町","","14,369","4,546","4,440","-637","-4.43315","106","2.38739","92.64871","61.45","223.5"
"2020000000","2020年","06302","中山町","","11,363","3,514","3,427","-612","-5.38590","87","2.53866","95.47273","31.15","345.1"
"2020000000","2020年","06321","河北町","","18,952","5,944","5,865","-1,303","-6.87526","79","1.34697","93.49852","52.45","336.5"
"2020000000","2020年","06322","西川町","","5,636","1,686","1,785","-671","-11.90561","-99","-5.54622","92.74068","393.19","12.6"
"2020000000","2020年","06323","朝日町","","7,119","2,151","2,242","-748","-10.50709","-91","-4.05888","97.91861","196.81","32.4"
"2020000000","2020年","06324","大江町","","8,472","2,537","2,632","-822","-9.70255","-95","-3.60942","98.59813","154.08","49.6"
"2020000000","2020年","06341","大石田町","","7,357","2,086","2,143","-776","-10.54778","-57","-2.65982","95.51396","79.54","82.7"
"2020000000","2020年","06361","金山町","","5,829","1,633","1,643","-755","-12.95248","-10","-0.60864","94.55521","161.67","31.4"
"2020000000","2020年","06362","最上町","","8,902","2,674","2,665","-805","-9.04291","9","0.33771","93.56921","330.37","24.5"
"2020000000","2020年","06363","舟形町","","5,631","1,567","1,621","-624","-11.08151","-54","-3.33128","93.54465","119.04","42.1"
"2020000000","2020年","06364","真室川町","","8,137","2,308","2,478","-932","-11.45385","-170","-6.86037","89.75507","374.22","19.3"
"2020000000","2020年","06365","大蔵村","","3,412","947","1,016","-382","-11.19578","-69","-6.79134","98.03922","211.63","14.3"
"2020000000","2020年","06366","鮭川村","","4,317","1,193","1,224","-413","-9.56683","-31","-2.53268","93.65079","122.14","32.0"
"2020000000","2020年","06367","戸沢村","","4,773","1,360","1,390","-570","-11.94217","-30","-2.15827","89.83740","261.31","16.1"
"2020000000","2020年","06381","高畠町","","23,882","7,357","7,218","-1,411","-5.90822","139","1.92574","95.07770","180.26","124.7"
"2020000000","2020年","06382","川西町","","15,751","4,493","4,553","-1,210","-7.68205","-60","-1.31781","95.15501","166.60","87.3"
"2020000000","2020年","06401","小国町","","7,868","2,809","2,845","-760","-9.65938","-36","-1.26538","101.07496","737.56","9.6"
"2020000000","2020年","06402","白鷹町","","14,175","4,387","4,405","-1,278","-9.01587","-18","-0.40863","97.20183","157.71","81.8"
"2020000000","2020年","06403","飯豊町","","7,304","2,125","2,198","-689","-9.43319","-73","-3.32120","94.73064","329.41","20.1"
"2020000000","2020年","06426","三川町","","7,728","2,331","2,223","-128","-1.65631","108","4.85830","94.47288","33.22","228.8"
"2020000000","2020年","06428","庄内町","","21,666","6,647","6,637","-1,506","-6.95098","10","0.15067","91.47117","249.17","80.9"
"2020000000","2020年","06461","遊佐町","","14,207","4,431","4,509","-1,174","-8.26353","-78","-1.72987","90.45740","208.39","62.5"
"2020000000","2020年","07000","福島県","","1,914,039","741,400","737,598","-79,841","-4.17134","3,802","0.51546","97.19675","13,784.14","133.1"
"2020000000","2020年","07201","福島市","","294,247","121,342","122,269","-11,445","-3.88959","-927","-0.75816","95.58350","767.72","368.4"
"2020000000","2020年","07202","会津若松市","","124,062","49,043","49,431","-6,629","-5.34330","-388","-0.78493","91.33998","382.97","306.6"
"2020000000","2020年","07203","郡山市","","335,444","140,132","138,310","-7,572","-2.25731","1,822","1.31733","97.51801","757.20","433.0"
"2020000000","2020年","07204","いわき市","","350,237","141,173","141,069","-17,035","-4.86385","104","0.07372","96.45070","1,232.26","270.4"
"2020000000","2020年","07205","白河市","","61,913","23,718","23,004","-2,382","-3.84733","714","3.10381","99.49398","305.32","195.0"
"2020000000","2020年","07207","須賀川市","","77,441","27,072","26,345","-2,402","-3.10172","727","2.75954","96.18552","279.43","268.5"
"2020000000","2020年","07208","喜多方市","","49,377","16,025","16,752","-4,567","-9.24925","-727","-4.33978","91.74155","554.63","80.8"
"2020000000","2020年","07209","相馬市","","38,556","13,900","15,209","-3,672","-9.52381","-1,309","-8.60675","101.29256","197.79","176.4"
"2020000000","2020年","07210","二本松市","","58,162","19,359","19,810","-4,569","-7.85564","-451","-2.27663","96.46248","344.42","155.6"
"2020000000","2020年","07211","田村市","","38,503","12,131","12,734","-3,311","-8.59933","-603","-4.73535","97.01058","458.33","76.8"
"2020000000","2020年","07212","南相馬市","","57,797","26,342","25,944","1,256","2.17312","398","1.53407","110.66281","398.58","148.2"
"2020000000","2020年","07213","伊達市","","62,400","21,149","21,624","-4,150","-6.65064","-475","-2.19663","94.49082","265.12","219.7"
"2020000000","2020年","07214","本宮市","","30,924","10,543","10,049","-684","-2.21187","494","4.91591","98.62069","88.02","343.6"
"2020000000","2020年","07301","桑折町","","12,271","4,180","4,276","-807","-6.57648","-96","-2.24509","91.96249","42.97","266.8"
"2020000000","2020年","07303","国見町","","9,512","3,124","3,291","-871","-9.15685","-167","-5.07445","90.75055","37.95","227.7"
"2020000000","2020年","07308","川俣町","","14,452","4,777","5,515","-2,266","-15.67949","-738","-13.38169","96.80233","127.70","95.4"
"2020000000","2020年","07322","大玉村","","8,679","2,872","2,619","225","2.59246","253","9.66018","98.88318","79.44","112.1"
"2020000000","2020年","07342","鏡石町","","12,486","4,356","4,205","-170","-1.36152","151","3.59096","95.89629","31.30","393.5"
"2020000000","2020年","07344","天栄村","","5,611","1,668","1,638","-413","-7.36054","30","1.83150","97.56746","225.52","23.0"
"2020000000","2020年","07362","下郷町","","5,800","1,954","2,002","-533","-9.18966","-48","-2.39760","97.56189","317.04","16.6"
"2020000000","2020年","07364","檜枝岐村","","615","228","257","-108","-17.56098","-29","-11.28405","106.09756","390.46","1.3"
"2020000000","2020年","07367","只見町","","4,470","1,633","1,762","-429","-9.59732","-129","-7.32123","95.50073","747.56","5.4"
"2020000000","2020年","07368","南会津町","","16,264","5,892","6,246","-1,811","-11.13502","-354","-5.66763","97.20289","886.47","16.3"
"2020000000","2020年","07402","北塩原村","","2,831","1,002","1,008","-277","-9.78453","-6","-0.59524","102.05696","234.08","10.9"
"2020000000","2020年","07405","西会津町","","6,582","2,352","2,531","-817","-12.41264","-179","-7.07230","93.71640","298.18","19.3"
"2020000000","2020年","07407","磐梯町","","3,579","1,079","1,117","-247","-6.90137","-38","-3.40197","93.15942","59.77","55.7"
"2020000000","2020年","07408","猪苗代町","","15,037","4,714","4,939","-1,478","-9.82909","-225","-4.55558","92.95574","394.85","34.3"
"2020000000","2020年","07421","会津坂下町","","16,303","5,288","5,391","-1,235","-7.57529","-103","-1.91059","92.51310","91.59","164.5"
"2020000000","2020年","07422","湯川村","","3,206","976","906","-124","-3.86775","70","7.72627","92.98685","16.37","188.3"
"2020000000","2020年","07423","柳津町","","3,536","1,126","1,207","-449","-12.69796","-81","-6.71085","94.51796","175.82","17.6"
"2020000000","2020年","07444","三島町","","1,668","651","674","-211","-12.64988","-23","-3.41246","96.89189","90.81","16.0"
"2020000000","2020年","07445","金山町","","2,189","878","956","-322","-14.70991","-78","-8.15900","95.29289","293.92","6.4"
"2020000000","2020年","07446","昭和村","","1,322","626","616","-75","-5.67322","10","1.62338","99.52000","209.46","6.0"
"2020000000","2020年","07447","会津美里町","","20,913","6,457","6,710","-1,883","-9.00397","-253","-3.77049","91.91206","276.33","68.9"
"2020000000","2020年","07461","西郷村","","20,322","8,055","7,458","487","2.39642","597","8.00483","104.63172","192.06","108.3"
"2020000000","2020年","07464","泉崎村","","6,495","2,056","2,059","-281","-4.32640","-3","-0.14570","97.26984","35.43","175.4"
"2020000000","2020年","07465","中島村","","5,001","1,514","1,395","-112","-2.23955","119","8.53047","96.26656","18.92","258.4"
"2020000000","2020年","07466","矢吹町","","17,370","6,063","5,846","-63","-0.36269","217","3.71194","100.10406","60.40","286.5"
"2020000000","2020年","07481","棚倉町","","14,295","4,735","4,753","-965","-6.75061","-18","-0.37871","97.39375","159.93","83.3"
"2020000000","2020年","07482","矢祭町","","5,950","1,870","1,921","-546","-9.17647","-51","-2.65487","94.45844","118.27","45.7"
"2020000000","2020年","07483","塙町","","9,157","2,942","3,043","-836","-9.12963","-101","-3.31909","95.92654","211.41","39.4"
"2020000000","2020年","07484","鮫川村","","3,577","1,010","1,064","-519","-14.50937","-54","-5.07519","100.39318","131.34","23.3"
"2020000000","2020年","07501","石川町","","15,880","5,212","5,244","-1,225","-7.71411","-32","-0.61022","100.25963","115.71","126.7"
"2020000000","2020年","07502","玉川村","","6,777","1,981","1,974","-374","-5.51867","7","0.35461","100.15630","46.67","137.2"
"2020000000","2020年","07503","平田村","","6,505","1,968","1,989","-675","-10.37663","-21","-1.05581","97.89545","93.42","62.4"
"2020000000","2020年","07504","浅川町","","6,577","2,067","2,055","-536","-8.14961","12","0.58394","100.76437","37.43","161.4"
"2020000000","2020年","07505","古殿町","","5,373","1,604","1,661","-547","-10.18053","-57","-3.43167","96.41840","163.29","29.6"
"2020000000","2020年","07521","三春町","","18,304","5,975","6,230","-1,278","-6.98208","-255","-4.09310","98.57709","72.76","234.0"
"2020000000","2020年","07522","小野町","","10,475","3,372","3,425","-993","-9.47971","-53","-1.54745","97.29505","125.18","75.7"
"2020000000","2020年","07541","広野町","","4,319","2,895","2,435","1,089","25.21417","460","18.89117","157.03422","58.69","92.1"
"2020000000","2020年","07542","楢葉町","","975","1,964","839","2,725","279.48718","1,125","134.08820","136.87580","103.64","35.7"
"2020000000","2020年","07543","富岡町","","-","1,633","-","2,130","-","1,633","-","262.86201","68.39","31.1"
"2020000000","2020年","07544","川内村","","2,021","929","1,082","25","1.23701","-153","-14.14048","100.98232","197.35","10.4"
"2020000000","2020年","07545","大熊町","","-","808","-","847","-","808","-","830.76923","78.71","10.8"
"2020000000","2020年","07546","双葉町","","-","-","-","0","-","0","-","-","51.42","0.0"
"2020000000","2020年","07547","浪江町","","-","1,405","-","1,896","-","1,405","-","244.72727","223.14","8.5"
"2020000000","2020年","07548","葛尾村","","18","205","9","403","2,238.88889","196","2,177.77778","133.88889","84.37","5.0"
"2020000000","2020年","07561","新地町","","8,218","2,749","2,699","-308","-3.74787","50","1.85254","99.49559","46.70","169.4"
"2020000000","2020年","07564","飯舘村","","41","626","1","1,278","3,117.07317","625","62,500.00000","101.37405","230.13","5.7"
"2020000000","2020年","08000","茨城県","","2,916,976","1,181,273","1,124,349","-48,422","-1.66001","56,924","5.06284","99.56699","6,097.39","470.5"
"2020000000","2020年","08201","水戸市","","270,783","122,218","117,590","27","0.00997","4,628","3.93571","95.86585","217.32","1,246.1"
"2020000000","2020年","08202","日立市","","185,054","77,813","78,625","-10,419","-5.63025","-812","-1.03275","99.59198","225.86","773.2"
"2020000000","2020年","08203","土浦市","","140,804","62,693","57,257","1,356","0.96304","5,436","9.49404","99.66853","122.89","1,156.8"
"2020000000","2020年","08204","古河市","","140,946","55,895","52,571","-1,550","-1.09971","3,324","6.32288","100.13783","123.58","1,128.0"
"2020000000","2020年","08205","石岡市","","76,020","28,246","27,288","-2,860","-3.76217","958","3.51070","97.90624","215.53","339.4"
"2020000000","2020年","08207","結城市","","51,594","19,189","18,267","-967","-1.87425","922","5.04735","100.85297","65.76","769.9"
"2020000000","2020年","08208","龍ケ崎市","","78,342","31,960","30,472","-1,887","-2.40867","1,488","4.88317","98.86851","78.59","972.8"
"2020000000","2020年","08210","下妻市","","43,293","16,350","15,036","-739","-1.70697","1,314","8.73903","101.36280","80.88","526.1"
"2020000000","2020年","08211","常総市","","61,483","22,087","20,600","-593","-0.96449","1,487","7.21845","100.22360","123.64","492.5"
"2020000000","2020年","08212","常陸太田市","","52,294","19,239","19,436","-3,664","-7.00654","-197","-1.01358","95.14446","371.99","130.7"
"2020000000","2020年","08214","高萩市","","29,638","11,613","11,751","-1,916","-6.46467","-138","-1.17437","99.22386","193.58","143.2"
"2020000000","2020年","08215","北茨城市","","44,412","17,029","16,871","-2,576","-5.80023","158","0.93652","98.50066","186.79","224.0"
"2020000000","2020年","08216","笠間市","","76,739","28,871","28,202","-3,498","-4.55831","669","2.37217","95.60143","240.40","304.7"
"2020000000","2020年","08217","取手市","","106,570","45,361","43,477","-2,025","-1.90016","1,884","4.33333","96.98340","69.94","1,494.8"
"2020000000","2020年","08219","牛久市","","84,317","35,147","33,223","360","0.42696","1,924","5.79117","97.37768","58.92","1,437.2"
"2020000000","2020年","08220","つくば市","","226,963","111,019","98,190","14,822","6.53058","12,829","13.06549","100.29574","283.72","852.2"
"2020000000","2020年","08221","ひたちなか市","","155,689","66,639","61,104","975","0.62625","5,535","9.05833","102.49722","99.97","1,567.1"
"2020000000","2020年","08222","鹿嶋市","","67,879","28,230","27,450","-914","-1.34651","780","2.84153","105.88778","106.02","631.6"
"2020000000","2020年","08223","潮来市","","29,111","10,768","10,547","-1,487","-5.10803","221","2.09538","98.02151","71.40","386.9"
"2020000000","2020年","08224","守谷市","","64,753","27,243","24,867","3,673","5.67232","2,376","9.55483","99.63822","35.71","1,916.2"
"2020000000","2020年","08225","常陸大宮市","","42,587","15,630","16,005","-3,293","-7.73241","-375","-2.34302","97.45729","348.45","112.8"
"2020000000","2020年","08226","那珂市","","54,276","20,909","20,025","-746","-1.37446","884","4.41448","94.76078","97.82","547.2"
"2020000000","2020年","08227","筑西市","","104,573","37,298","35,683","-3,754","-3.58984","1,615","4.52596","98.48604","205.30","491.1"
"2020000000","2020年","08228","坂東市","","54,087","18,127","17,327","-1,795","-3.31873","800","4.61707","103.46290","123.03","425.0"
"2020000000","2020年","08229","稲敷市","","42,810","14,493","14,453","-3,731","-8.71525","40","0.27676","99.59651","205.81","189.9"
"2020000000","2020年","08230","かすみがうら市","","42,147","15,188","15,142","-2,033","-4.82359","46","0.30379","102.95472","156.60","256.2"
"2020000000","2020年","08231","桜川市","","42,632","13,415","13,585","-3,473","-8.14646","-170","-1.25138","97.88266","180.06","217.5"
"2020000000","2020年","08232","神栖市","","94,522","40,427","37,221","944","0.99871","3,206","8.61342","107.21045","146.97","649.6"
"2020000000","2020年","08233","行方市","","34,909","11,152","11,115","-2,694","-7.71721","37","0.33288","98.42932","222.48","144.8"
"2020000000","2020年","08234","鉾田市","","48,147","17,963","17,430","-2,174","-4.51534","533","3.05795","103.38436","207.60","221.4"
"2020000000","2020年","08235","つくばみらい市","","49,136","19,936","18,137","762","1.55080","1,799","9.91895","99.51220","79.16","630.3"
"2020000000","2020年","08236","小美玉市","","50,911","18,365","17,491","-2,009","-3.94610","874","4.99686","101.16002","144.74","337.9"
"2020000000","2020年","08302","茨城町","","32,921","11,715","11,356","-1,504","-4.56851","359","3.16132","98.18950","121.58","258.4"
"2020000000","2020年","08309","大洗町","","16,886","6,550","6,661","-1,161","-6.87552","-111","-1.66642","98.22261","23.89","658.2"
"2020000000","2020年","08310","城里町","","19,800","6,911","7,066","-1,691","-8.54040","-155","-2.19360","96.94399","161.80","111.9"
"2020000000","2020年","08341","東海村","","37,713","15,411","14,494","187","0.49585","917","6.32676","103.07560","38.00","997.4"
"2020000000","2020年","08364","大子町","","18,053","6,352","6,733","-2,309","-12.79012","-381","-5.65870","95.50478","325.76","48.3"
"2020000000","2020年","08442","美浦村","","15,842","5,843","5,958","-1,231","-7.77048","-115","-1.93018","104.95161","66.61","219.4"
"2020000000","2020年","08443","阿見町","","47,535","20,218","18,801","1,043","2.19417","1,417","7.53683","99.65476","71.40","680.4"
"2020000000","2020年","08447","河内町","","9,168","2,867","2,950","-935","-10.19852","-83","-2.81356","96.82046","44.30","185.8"
"2020000000","2020年","08521","八千代町","","22,021","7,028","6,799","-987","-4.48209","229","3.36814","109.46027","58.99","356.6"
"2020000000","2020年","08542","五霞町","","8,786","2,918","2,894","-686","-7.80788","24","0.82930","100.99256","23.11","350.5"
"2020000000","2020年","08546","境町","","24,517","8,707","8,061","-309","-1.26035","646","8.01389","102.76405","46.59","519.6"
"2020000000","2020年","08564","利根町","","16,313","6,240","6,138","-961","-5.89101","102","1.66178","95.14427","24.86","617.5"
"2020000000","2020年","09000","栃木県","","1,974,255","793,753","763,097","-40,239","-2.03819","30,656","4.01731","99.59751","6,408.09","301.8"
"2020000000","2020年","09201","宇都宮市","","518,594","230,134","217,419","432","0.08330","12,715","5.84815","100.09484","416.85","1,245.1"
"2020000000","2020年","09202","足利市","","149,452","61,353","60,186","-4,656","-3.11538","1,167","1.93899","97.35311","177.76","814.6"
"2020000000","2020年","09203","栃木市","","159,211","60,526","57,838","-3,583","-2.25047","2,688","4.64746","98.97208","331.50","469.5"
"2020000000","2020年","09204","佐野市","","118,919","48,079","46,390","-2,699","-2.26961","1,689","3.64087","97.93246","356.04","326.4"
"2020000000","2020年","09205","鹿沼市","","98,374","35,997","35,079","-4,300","-4.37107","918","2.61695","98.12561","490.64","191.7"
"2020000000","2020年","09206","日光市","","83,386","32,196","32,658","-5,735","-6.87765","-462","-1.41466","94.92670","1,449.83","53.6"
"2020000000","2020年","09208","小山市","","166,760","69,030","65,792","31","0.01859","3,238","4.92157","102.76076","171.75","971.1"
"2020000000","2020年","09209","真岡市","","79,539","29,276","27,949","-1,318","-1.65705","1,327","4.74793","101.86585","167.34","467.4"
"2020000000","2020年","09210","大田原市","","75,457","29,734","28,753","-3,334","-4.41841","981","3.41182","96.43480","354.36","203.5"
"2020000000","2020年","09211","矢板市","","33,354","12,000","12,342","-2,179","-6.53295","-342","-2.77103","97.76072","170.46","182.9"
"2020000000","2020年","09213","那須塩原市","","117,146","47,288","45,608","-1,864","-1.59118","1,680","3.68356","98.80663","592.74","194.5"
"2020000000","2020年","09214","さくら市","","44,901","16,325","15,648","-360","-0.80176","677","4.32643","107.78597","125.63","354.5"
"2020000000","2020年","09215","那須烏山市","","27,047","9,199","9,439","-2,161","-7.98980","-240","-2.54264","99.05615","174.35","142.7"
"2020000000","2020年","09216","下野市","","59,431","23,198","21,394","48","0.08077","1,804","8.43227","98.11805","74.59","797.4"
"2020000000","2020年","09301","上三川町","","31,046","11,516","10,777","-236","-0.76016","739","6.85720","106.01805","54.39","566.5"
"2020000000","2020年","09342","益子町","","23,281","7,784","7,787","-1,375","-5.90610","-3","-0.03853","98.53181","89.40","245.0"
"2020000000","2020年","09343","茂木町","","13,188","4,446","4,572","-1,289","-9.77404","-126","-2.75591","97.62498","172.69","68.9"
"2020000000","2020年","09344","市貝町","","11,720","4,378","4,109","-461","-3.93345","269","6.54661","104.52316","64.25","175.2"
"2020000000","2020年","09345","芳賀町","","15,189","5,217","4,957","-221","-1.45500","260","5.24511","101.48068","70.16","213.3"
"2020000000","2020年","09361","壬生町","","39,951","15,557","15,258","-442","-1.10636","299","1.95963","96.95414","61.06","647.1"
"2020000000","2020年","09364","野木町","","25,292","9,829","9,530","-386","-1.52617","299","3.13746","99.08873","30.27","822.8"
"2020000000","2020年","09384","塩谷町","","11,495","3,625","3,696","-1,129","-9.82166","-71","-1.92100","98.35438","176.06","58.9"
"2020000000","2020年","09386","高根沢町","","29,639","12,232","11,521","-386","-1.30234","711","6.17134","108.96493","70.87","412.8"
"2020000000","2020年","09407","那須町","","24,919","9,143","8,564","-898","-3.60368","579","6.76086","96.37835","372.34","64.5"
"2020000000","2020年","09411","那珂川町","","16,964","5,691","5,831","-1,738","-10.24523","-140","-2.40096","101.90956","192.78","79.0"
"2020000000","2020年","10000","群馬県","","1,973,115","802,343","773,952","-32,782","-1.66143","28,391","3.66832","97.86314","6,362.28","305.0"
"2020000000","2020年","10201","前橋市","","336,154","141,354","136,900","-3,822","-1.13698","4,454","3.25347","95.50206","311.59","1,066.6"
"2020000000","2020年","10202","高崎市","","370,884","160,752","150,180","2,334","0.62931","10,572","7.03955","95.90262","459.16","812.8"
"2020000000","2020年","10203","桐生市","","114,714","44,909","46,034","-8,190","-7.13949","-1,125","-2.44385","93.29692","274.45","388.1"
"2020000000","2020年","10204","伊勢崎市","","208,814","85,565","80,110","3,161","1.51379","5,455","6.80939","100.76052","139.44","1,520.2"
"2020000000","2020年","10205","太田市","","219,807","91,492","86,267","3,343","1.52088","5,225","6.05678","104.69472","175.54","1,271.2"
"2020000000","2020年","10206","沼田市","","48,676","18,826","19,178","-3,294","-6.76720","-352","-1.83544","93.60922","443.46","102.3"
"2020000000","2020年","10207","館林市","","76,667","31,534","30,219","-1,332","-1.73738","1,315","4.35157","100.54572","60.97","1,235.6"
"2020000000","2020年","10208","渋川市","","78,391","29,069","28,812","-3,777","-4.81816","257","0.89199","95.00810","240.27","310.5"
"2020000000","2020年","10209","藤岡市","","65,708","25,271","24,569","-2,409","-3.66622","702","2.85726","94.66433","180.29","351.1"
"2020000000","2020年","10210","富岡市","","49,746","18,499","18,255","-2,276","-4.57524","244","1.33662","97.27382","122.85","386.4"
"2020000000","2020年","10211","安中市","","58,531","22,021","22,381","-3,569","-6.09762","-360","-1.60851","95.59431","276.31","198.9"
"2020000000","2020年","10212","みどり市","","50,906","19,408","18,867","-1,243","-2.44176","541","2.86744","97.91575","208.42","238.3"
"2020000000","2020年","10344","榛東村","","14,329","5,109","4,887","-107","-0.74674","222","4.54266","102.18937","27.92","509.4"
"2020000000","2020年","10345","吉岡町","","21,080","7,847","7,289","737","3.49620","558","7.65537","94.81204","20.46","1,066.3"
"2020000000","2020年","10366","上野村","","1,230","552","578","-102","-8.29268","-26","-4.49827","102.51346","181.85","6.2"
"2020000000","2020年","10367","神流町","","1,954","825","903","-309","-15.81372","-78","-8.63787","93.07512","114.60","14.4"
"2020000000","2020年","10382","下仁田町","","7,564","2,863","3,040","-981","-12.96933","-177","-5.82237","96.03931","188.38","34.9"
"2020000000","2020年","10383","南牧村","","1,979","801","953","-367","-18.54472","-152","-15.94963","89.87044","118.83","13.6"
"2020000000","2020年","10384","甘楽町","","13,200","4,642","4,539","-719","-5.44697","103","2.26922","98.11111","58.61","213.0"
"2020000000","2020年","10421","中之条町","","16,850","6,350","6,529","-1,454","-8.62908","-179","-2.74161","94.96011","439.28","35.0"
"2020000000","2020年","10424","長野原町","","5,536","2,189","2,322","-434","-7.83960","-133","-5.72782","98.36703","133.85","38.1"
"2020000000","2020年","10425","嬬恋村","","9,780","3,523","3,664","-919","-9.39673","-141","-3.84825","104.26464","337.58","26.2"
"2020000000","2020年","10426","草津町","","6,518","3,212","3,275","-448","-6.87327","-63","-1.92366","100.99338","49.75","122.0"
"2020000000","2020年","10428","高山村","","3,674","1,484","1,167","-156","-4.24605","317","27.16367","98.64483","64.18","54.8"
"2020000000","2020年","10429","東吾妻町","","14,033","5,136","5,235","-1,292","-9.20687","-99","-1.89112","96.95471","253.91","50.2"
"2020000000","2020年","10443","片品村","","4,390","1,645","1,554","-396","-9.02050","91","5.85586","95.21017","391.76","10.2"
"2020000000","2020年","10444","川場村","","3,647","997","980","-162","-4.44201","17","1.73469","84.19662","85.25","40.9"
"2020000000","2020年","10448","昭和村","","7,347","2,612","2,476","-385","-5.24023","136","5.49273","98.57387","64.14","108.5"
"2020000000","2020年","10449","みなかみ町","","19,347","6,972","7,594","-2,114","-10.92676","-622","-8.19068","94.15277","781.08","22.1"
"2020000000","2020年","10464","玉村町","","36,654","14,798","14,337","-581","-1.58509","461","3.21546","95.21078","25.78","1,399.3"
"2020000000","2020年","10521","板倉町","","15,015","5,374","5,365","-914","-6.08725","9","0.16775","99.39197","41.86","336.9"
"2020000000","2020年","10522","明和町","","11,044","4,080","3,914","-160","-1.44875","166","4.24119","100.88594","19.64","554.2"
"2020000000","2020年","10523","千代田町","","11,318","4,012","3,981","-461","-4.07316","31","0.77870","101.50334","21.73","499.6"
"2020000000","2020年","10524","大泉町","","41,202","18,910","18,070","905","2.19650","840","4.64859","112.41487","18.03","2,335.4"
"2020000000","2020年","10525","邑楽町","","26,426","9,710","9,528","-889","-3.36411","182","1.91016","101.45945","31.11","820.9"
"2020000000","2020年","11000","埼玉県","","7,266,534","3,153,350","2,971,659","80,302","1.10509","181,691","6.11413","98.83710","3,797.75","1,934.5"
"2020000000","2020年","11100","さいたま市","","1,263,979","580,658","533,209","60,612","4.79533","47,449","8.89876","97.22152","217.43","6,092.0"
"2020000000","2020年","11101","さいたま市西区","","87,146","38,361","33,871","6,366","7.30498","4,490","13.25618","96.19000","29.12","3,211.3"
"2020000000","2020年","11102","さいたま市北区","","143,446","66,357","61,756","5,857","4.08307","4,601","7.45029","96.71274","16.86","8,855.5"
"2020000000","2020年","11103","さいたま市大宮区","","113,864","54,965","53,265","4,011","3.52262","1,700","3.19159","98.03602","12.80","9,209.0"
"2020000000","2020年","11104","さいたま市見沼区","","161,960","70,345","65,666","3,145","1.94184","4,679","7.12545","95.69856","30.69","5,379.8"
"2020000000","2020年","11105","さいたま市中央区","","98,762","47,602","42,872","4,559","4.61615","4,730","11.03284","97.46765","8.39","12,314.8"
"2020000000","2020年","11106","さいたま市桜区","","97,910","46,197","43,331","808","0.82525","2,866","6.61420","101.68345","18.64","5,296.0"
"2020000000","2020年","11107","さいたま市浦和区","","154,416","74,341","67,136","10,435","6.75772","7,205","10.73195","93.24213","11.51","14,322.4"
"2020000000","2020年","11108","さいたま市南区","","180,152","85,589","77,895","11,483","6.37406","7,694","9.87740","99.32081","13.82","13,866.5"
"2020000000","2020年","11109","さいたま市緑区","","116,522","50,757","44,475","11,877","10.19292","6,282","14.12479","97.04280","26.44","4,856.2"
"2020000000","2020年","11110","さいたま市岩槻区","","109,801","46,144","42,942","2,071","1.88614","3,202","7.45657","98.74576","49.17","2,275.2"
"2020000000","2020年","11201","川越市","","350,745","153,071","145,715","3,935","1.12190","7,356","5.04821","100.05979","109.13","3,250.1"
"2020000000","2020年","11202","熊谷市","","198,742","80,030","77,004","-4,303","-2.16512","3,026","3.92967","99.63141","159.82","1,216.6"
"2020000000","2020年","11203","川口市","","578,112","265,961","245,830","16,349","2.82800","20,131","8.18899","101.37841","61.95","9,595.8"
"2020000000","2020年","11206","行田市","","82,113","31,776","31,015","-3,442","-4.19178","761","2.45365","97.04696","67.49","1,165.7"
"2020000000","2020年","11207","秩父市","","63,555","23,906","24,038","-3,849","-6.05617","-132","-0.54913","94.88837","577.83","103.3"
"2020000000","2020年","11208","所沢市","","340,386","152,555","145,834","2,149","0.63134","6,721","4.60866","96.44485","72.11","4,750.2"
"2020000000","2020年","11209","飯能市","","80,715","33,452","31,749","-324","-0.40141","1,703","5.36395","100.45631","193.05","416.4"
"2020000000","2020年","11210","加須市","","112,229","44,121","41,034","-527","-0.46958","3,087","7.52303","100.54579","133.30","838.0"
"2020000000","2020年","11211","本庄市","","77,881","32,860","31,004","742","0.95274","1,856","5.98632","99.59129","89.69","876.6"
"2020000000","2020年","11212","東松山市","","91,437","39,778","37,224","401","0.43855","2,554","6.86116","101.16972","65.35","1,405.3"
"2020000000","2020年","11214","春日部市","","232,709","97,329","94,463","-2,942","-1.26424","2,866","3.03399","97.49783","66.00","3,481.3"
"2020000000","2020年","11215","狭山市","","152,405","63,553","62,028","-3,693","-2.42315","1,525","2.45857","99.41535","48.99","3,035.6"
"2020000000","2020年","11216","羽生市","","54,874","21,089","20,366","-1,995","-3.63560","723","3.55003","97.85602","58.64","901.8"
"2020000000","2020年","11217","鴻巣市","","118,072","47,316","45,043","-1,208","-1.02310","2,273","5.04629","97.43209","67.44","1,732.9"
"2020000000","2020年","11218","深谷市","","143,811","55,670","53,384","-2,475","-1.72101","2,286","4.28218","98.76524","138.37","1,021.4"
"2020000000","2020年","11219","上尾市","","225,196","96,361","91,399","1,824","0.80996","4,962","5.42894","97.87154","45.51","4,988.4"
"2020000000","2020年","11221","草加市","","247,034","111,912","105,827","1,003","0.40602","6,085","5.74995","101.62987","27.46","9,032.7"
"2020000000","2020年","11222","越谷市","","337,498","142,215","136,460","4,267","1.26430","5,755","4.21735","97.56459","60.24","5,673.4"
"2020000000","2020年","11223","蕨市","","72,260","36,555","34,174","2,066","2.85912","2,381","6.96729","101.75353","5.11","14,545.2"
"2020000000","2020年","11224","戸田市","","136,150","64,129","59,432","4,718","3.46530","4,697","7.90315","102.66153","18.19","7,744.3"
"2020000000","2020年","11225","入間市","","148,390","61,002","59,004","-2,667","-1.79729","1,998","3.38621","97.14943","44.69","3,260.8"
"2020000000","2020年","11227","朝霞市","","136,299","62,353","59,515","4,737","3.47545","2,838","4.76855","100.41209","18.34","7,690.1"
"2020000000","2020年","11228","志木市","","72,676","32,677","30,607","2,701","3.71650","2,070","6.76316","96.12062","9.05","8,329.0"
"2020000000","2020年","11229","和光市","","80,826","39,808","36,898","3,171","3.92324","2,910","7.88661","105.59785","11.04","7,608.4"
"2020000000","2020年","11230","新座市","","162,122","73,614","67,250","3,982","2.45617","6,364","9.46320","97.01110","22.78","7,291.7"
"2020000000","2020年","11231","桶川市","","73,936","30,865","28,685","842","1.13882","2,180","7.59979","97.71555","25.35","2,949.8"
"2020000000","2020年","11232","久喜市","","152,311","62,272","59,082","-1,712","-1.12402","3,190","5.39928","98.14876","82.41","1,827.4"
"2020000000","2020年","11233","北本市","","67,409","27,261","26,845","-2,181","-3.23547","416","1.54964","97.61869","19.82","3,291.0"
"2020000000","2020年","11234","八潮市","","86,717","42,006","35,763","6,695","7.72052","6,243","17.45659","105.72158","18.02","5,183.8"
"2020000000","2020年","11235","富士見市","","108,102","50,916","47,169","3,779","3.49577","3,747","7.94378","96.25147","19.77","5,659.1"
"2020000000","2020年","11237","三郷市","","136,521","60,446","55,288","5,656","4.14295","5,158","9.32933","101.12177","30.13","4,718.8"
"2020000000","2020年","11238","蓮田市","","62,380","25,462","24,543","-850","-1.36262","919","3.74445","98.15149","27.28","2,255.5"
"2020000000","2020年","11239","坂戸市","","101,679","44,317","42,883","-1,379","-1.35623","1,434","3.34398","99.55831","41.02","2,445.1"
"2020000000","2020年","11240","幸手市","","52,524","20,803","20,568","-2,429","-4.62455","235","1.14255","99.49425","33.93","1,476.4"
"2020000000","2020年","11241","鶴ヶ島市","","70,255","30,485","28,658","-57","-0.08113","1,827","6.37518","97.23526","17.65","3,977.2"
"2020000000","2020年","11242","日高市","","56,520","22,363","22,145","-1,929","-3.41295","218","0.98442","97.47151","47.48","1,149.8"
"2020000000","2020年","11243","吉川市","","69,738","27,750","25,716","2,290","3.28372","2,034","7.90947","98.86251","31.66","2,275.0"
"2020000000","2020年","11245","ふじみ野市","","110,970","49,299","45,806","2,670","2.40606","3,493","7.62564","97.42191","14.64","7,762.3"
"2020000000","2020年","11246","白岡市","","51,535","20,397","19,183","688","1.33502","1,214","6.32852","97.25401","24.92","2,095.6"
"2020000000","2020年","11301","伊奈町","","44,442","17,765","16,701","406","0.91355","1,064","6.37088","101.12113","14.79","3,032.3"
"2020000000","2020年","11324","三芳町","","38,456","15,024","14,328","-4","-0.01040","696","4.85762","97.20997","15.33","2,508.3"
"2020000000","2020年","11326","毛呂山町","","37,275","15,695","15,566","-1,896","-5.08652","129","0.82873","98.27944","34.07","1,038.4"
"2020000000","2020年","11327","越生町","","11,716","4,581","4,527","-674","-5.75282","54","1.19284","99.02668","40.39","273.4"
"2020000000","2020年","11341","滑川町","","18,212","7,563","6,785","1,470","8.07160","778","11.46647","104.12777","29.68","663.1"
"2020000000","2020年","11342","嵐山町","","18,341","7,413","6,968","-437","-2.38264","445","6.38634","99.77684","29.92","598.4"
"2020000000","2020年","11343","小川町","","31,178","11,764","12,007","-2,642","-8.47392","-243","-2.02382","98.88486","60.36","472.8"
"2020000000","2020年","11346","川島町","","20,788","7,255","7,238","-1,390","-6.68655","17","0.23487","102.78068","41.63","466.0"
"2020000000","2020年","11347","吉見町","","19,631","6,847","6,834","-1,435","-7.30987","13","0.19023","100.70593","38.64","470.9"
"2020000000","2020年","11348","鳩山町","","14,338","5,394","5,309","-757","-5.27968","85","1.60105","93.46154","25.73","527.8"
"2020000000","2020年","11349","ときがわ町","","11,492","4,200","4,199","-945","-8.22311","1","0.02382","102.32112","55.90","188.7"
"2020000000","2020年","11361","横瀬町","","8,519","3,081","3,074","-538","-6.31530","7","0.22772","98.73008","49.36","161.7"
"2020000000","2020年","11362","皆野町","","10,133","3,573","3,662","-828","-8.17132","-89","-2.43037","97.34889","63.74","146.0"
"2020000000","2020年","11363","長瀞町","","7,324","2,609","2,648","-515","-7.03168","-39","-1.47281","95.26814","30.43","223.8"
"2020000000","2020年","11365","小鹿野町","","12,117","4,175","4,363","-1,227","-10.12627","-188","-4.30896","97.10407","171.26","63.6"
"2020000000","2020年","11369","東秩父村","","2,915","990","1,028","-205","-7.03259","-38","-3.69650","99.55817","37.06","73.1"
"2020000000","2020年","11381","美里町","","11,207","3,859","3,612","-167","-1.49014","247","6.83832","100.69078","33.41","330.4"
"2020000000","2020年","11383","神川町","","13,730","5,172","5,033","-350","-2.54916","139","2.76177","102.72727","47.40","282.3"
"2020000000","2020年","11385","上里町","","30,565","11,819","11,225","-218","-0.71323","594","5.29176","97.88080","29.18","1,040.0"
"2020000000","2020年","11408","寄居町","","34,081","13,246","12,934","-1,695","-4.97345","312","2.41225","98.39500","64.25","504.1"
"2020000000","2020年","11442","宮代町","","33,705","14,553","13,728","458","1.35885","825","6.00962","101.19552","15.95","2,141.9"
"2020000000","2020年","11464","杉戸町","","45,495","17,673","17,348","-1,635","-3.59380","325","1.87341","100.02736","30.03","1,460.5"
"2020000000","2020年","11465","松伏町","","30,061","10,706","10,702","-1,789","-5.95123","4","0.03738","100.83825","16.20","1,745.2"
"2020000000","2020年","12000","千葉県","","6,222,666","2,766,999","2,609,132","64,368","1.03441","157,867","6.05056","98.38153","5,157.57","1,219.0"
"2020000000","2020年","12100","千葉市","","971,882","446,695","417,857","3,328","0.34243","28,838","6.90140","97.38856","271.78","3,588.2"
"2020000000","2020年","12101","千葉市中央区","","205,227","109,092","95,305","6,507","3.17064","13,787","14.46619","99.61912","44.72","4,734.7"
"2020000000","2020年","12102","千葉市花見川区","","179,200","80,741","77,732","-1,792","-1.00000","3,009","3.87099","96.85752","34.19","5,188.9"
"2020000000","2020年","12103","千葉市稲毛区","","160,968","74,617","71,334","-284","-0.17643","3,283","4.60229","100.04980","21.22","7,572.3"
"2020000000","2020年","12104","千葉市若葉区","","150,921","64,627","62,695","-3,945","-2.61395","1,932","3.08159","98.58670","84.19","1,745.8"
"2020000000","2020年","12105","千葉市緑区","","126,848","50,816","46,792","2,619","2.06468","4,024","8.59976","95.13030","66.25","1,954.2"
"2020000000","2020年","12106","千葉市美浜区","","148,718","66,802","63,999","223","0.14995","2,803","4.37976","92.96625","21.20","7,025.5"
"2020000000","2020年","12202","銚子市","","64,415","25,515","26,234","-5,937","-9.21680","-719","-2.74072","93.45000","84.20","694.5"
"2020000000","2020年","12203","市川市","","481,732","242,251","228,845","15,211","3.15756","13,406","5.85811","102.37544","57.45","8,650.0"
"2020000000","2020年","12204","船橋市","","622,890","289,027","272,432","20,082","3.22400","16,595","6.09143","98.37162","85.62","7,509.6"
"2020000000","2020年","12205","館山市","","47,464","20,225","20,146","-2,287","-4.81839","79","0.39214","93.66828","110.05","410.5"
"2020000000","2020年","12206","木更津市","","134,141","58,178","54,920","2,083","1.55284","3,258","5.93227","101.03896","138.95","980.4"
"2020000000","2020年","12207","松戸市","","483,480","230,650","215,627","14,813","3.06383","15,023","6.96712","98.32636","61.38","8,118.2"
"2020000000","2020年","12208","野田市","","153,583","63,578","59,712","-909","-0.59186","3,866","6.47441","99.56603","103.55","1,474.4"
"2020000000","2020年","12210","茂原市","","89,688","37,049","36,026","-2,867","-3.19664","1,023","2.83962","96.58327","99.92","868.9"
"2020000000","2020年","12211","成田市","","131,190","59,985","55,462","1,808","1.37815","4,523","8.15513","99.25093","213.84","622.0"
"2020000000","2020年","12212","佐倉市","","172,739","70,244","68,696","-3,881","-2.24674","1,548","2.25341","95.41941","103.69","1,628.5"
"2020000000","2020年","12213","東金市","","60,652","25,353","25,114","-2,404","-3.96360","239","0.95166","100.90367","89.12","653.6"
"2020000000","2020年","12215","旭市","","66,586","24,172","23,350","-2,798","-4.20208","822","3.52034","96.92517","130.45","489.0"
"2020000000","2020年","12216","習志野市","","167,909","79,184","72,350","8,397","5.00092","6,834","9.44575","99.40509","20.97","8,407.5"
"2020000000","2020年","12217","柏市","","413,954","188,045","175,691","12,598","3.04333","12,354","7.03166","97.63241","114.74","3,717.6"
"2020000000","2020年","12218","勝浦市","","19,248","8,197","8,965","-2,310","-12.00125","-768","-8.56665","105.73303","93.96","180.3"
"2020000000","2020年","12219","市原市","","274,656","117,675","113,518","-5,003","-1.82155","4,157","3.66197","105.54857","368.17","732.4"
"2020000000","2020年","12220","流山市","","174,373","82,961","70,802","25,587","14.67372","12,159","17.17324","96.97776","35.32","5,661.4"
"2020000000","2020年","12221","八千代市","","193,152","84,857","78,358","6,445","3.33675","6,499","8.29398","96.29724","51.39","3,884.0"
"2020000000","2020年","12222","我孫子市","","131,606","56,265","54,089","-1,016","-0.77200","2,176","4.02300","94.82903","43.15","3,026.4"
"2020000000","2020年","12223","鴨川市","","33,932","14,583","14,453","-1,783","-5.25463","130","0.89947","90.01714","191.14","168.2"
"2020000000","2020年","12224","鎌ケ谷市","","108,917","47,021","44,101","1,072","0.98424","2,920","6.62117","95.02633","21.08","5,217.7"
"2020000000","2020年","12225","君津市","","86,033","35,352","34,447","-3,784","-4.39831","905","2.62722","104.01081","318.81","258.0"
"2020000000","2020年","12226","富津市","","45,601","17,818","17,634","-3,093","-6.78275","184","1.04344","102.70863","205.50","206.9"
"2020000000","2020年","12227","浦安市","","164,024","79,934","74,229","7,400","4.51153","5,705","7.68568","94.96838","17.30","9,908.9"
"2020000000","2020年","12228","四街道市","","89,245","38,301","35,014","4,387","4.91568","3,287","9.38767","98.04979","34.52","2,712.4"
"2020000000","2020年","12229","袖ケ浦市","","60,952","25,370","22,652","2,954","4.84644","2,718","11.99894","101.62802","94.93","673.2"
"2020000000","2020年","12230","八街市","","70,734","27,683","27,074","-3,254","-4.60033","609","2.24939","102.28424","74.94","900.5"
"2020000000","2020年","12231","印西市","","92,670","38,200","32,590","9,981","10.77048","5,610","17.21387","97.09497","123.79","829.2"
"2020000000","2020年","12232","白井市","","61,674","24,071","22,725","796","1.29066","1,346","5.92299","98.04711","35.48","1,760.7"
"2020000000","2020年","12233","富里市","","49,636","21,713","20,057","126","0.25385","1,656","8.25647","103.48395","53.88","923.6"
"2020000000","2020年","12234","南房総市","","39,033","14,720","15,061","-3,189","-8.17001","-341","-2.26413","90.30528","230.12","155.8"
"2020000000","2020年","12235","匝瑳市","","37,261","12,853","12,712","-2,162","-5.80231","141","1.10919","96.79843","101.52","345.7"
"2020000000","2020年","12236","香取市","","77,499","27,528","27,294","-5,072","-6.54460","234","0.85733","96.82855","262.35","276.1"
"2020000000","2020年","12237","山武市","","52,222","19,330","19,454","-3,760","-7.20003","-124","-0.63740","99.70330","146.77","330.2"
"2020000000","2020年","12238","いすみ市","","38,594","14,580","14,849","-3,023","-7.83282","-269","-1.81157","95.47728","157.50","225.8"
"2020000000","2020年","12239","大網白里市","","49,184","19,531","18,849","-1,029","-2.09214","682","3.61823","95.72816","58.08","829.1"
"2020000000","2020年","12322","酒々井町","","20,955","9,388","8,970","-195","-0.93057","418","4.65998","95.84906","19.01","1,092.1"
"2020000000","2020年","12329","栄町","","21,228","8,245","8,185","-1,088","-5.12531","60","0.73305","96.06698","32.51","619.5"
"2020000000","2020年","12342","神崎町","","6,133","2,287","2,207","-313","-5.10354","80","3.62483","101.94310","19.90","292.5"
"2020000000","2020年","12347","多古町","","14,724","5,039","5,053","-976","-6.62863","-14","-0.27706","101.99824","72.80","188.8"
"2020000000","2020年","12349","東庄町","","14,152","4,579","4,562","-917","-6.47965","17","0.37264","98.81328","46.25","286.2"
"2020000000","2020年","12403","九十九里町","","16,510","6,143","6,411","-1,866","-11.30224","-268","-4.18032","96.80151","24.46","598.7"
"2020000000","2020年","12409","芝山町","","7,431","2,501","2,453","-389","-5.23483","48","1.95679","97.58698","43.24","162.9"
"2020000000","2020年","12410","横芝光町","","23,762","8,238","8,433","-1,671","-7.03224","-195","-2.31234","95.15018","67.01","329.7"
"2020000000","2020年","12421","一宮町","","11,767","4,972","4,485","133","1.13028","487","10.85842","95.94928","22.99","517.6"
"2020000000","2020年","12422","睦沢町","","7,222","2,452","2,434","-454","-6.28635","18","0.73952","92.87546","35.59","190.2"
"2020000000","2020年","12423","長生村","","14,359","5,596","5,178","-551","-3.83731","418","8.07261","97.03196","28.25","488.8"
"2020000000","2020年","12424","白子町","","11,149","4,130","4,164","-838","-7.51637","-34","-0.81652","98.44111","27.50","374.9"
"2020000000","2020年","12426","長柄町","","7,337","2,495","2,591","-612","-8.34128","-96","-3.70513","95.83576","47.11","142.8"
"2020000000","2020年","12427","長南町","","8,206","2,635","2,789","-1,001","-12.19839","-154","-5.52169","96.00109","65.51","110.0"
"2020000000","2020年","12441","大多喜町","","9,843","3,373","3,447","-944","-9.59057","-74","-2.14679","94.00480","129.87","68.5"
"2020000000","2020年","12443","御宿町","","7,315","3,199","3,054","-433","-5.91934","145","4.74787","89.90066","24.85","276.9"
"2020000000","2020年","12463","鋸南町","","8,022","3,033","3,327","-1,024","-12.76490","-294","-8.83679","92.14717","45.19","154.9"
"2020000000","2020年","13000","東京都","","13,515,272","7,219,402","6,701,123","549,424","4.06521","518,279","7.73421","96.36552","2,194.03","6,410.4"
"2020000000","2020年","13100","特別区部","","9,272,740","5,209,997","4,801,194","471,794","5.08797","408,803","8.51461","96.13157","627.53","15,528.4"
"2020000000","2020年","13101","千代田区","","58,406","37,396","33,262","8,352","14.29990","4,134","12.42860","101.85656","11.66","5,725.4"
"2020000000","2020年","13102","中央区","","141,183","92,338","79,272","28,135","19.92804","13,066","16.48249","91.64676","10.21","16,583.5"
"2020000000","2020年","13103","港区","","243,283","146,114","130,562","17,568","7.22122","15,552","11.91158","89.97371","20.37","12,805.6"
"2020000000","2020年","13104","新宿区","","333,560","222,820","204,989","16,183","4.85160","17,831","8.69852","99.92969","18.22","19,195.6"
"2020000000","2020年","13105","文京区","","219,724","133,271","120,858","20,573","9.36311","12,413","10.27073","92.62285","11.29","21,284.1"
"2020000000","2020年","13106","台東区","","198,073","124,231","112,117","13,706","6.91967","12,114","10.80478","105.28780","10.11","20,947.5"
"2020000000","2020年","13107","墨田区","","256,274","145,682","130,862","15,916","6.21054","14,820","11.32491","98.07881","13.77","19,766.9"
"2020000000","2020年","13108","江東区","","498,109","264,307","243,708","26,438","5.30767","20,599","8.45233","96.80008","42.99","12,201.6"
"2020000000","2020年","13109","品川区","","386,855","237,399","212,374","35,940","9.29030","25,025","11.78346","97.52899","22.84","18,511.2"
"2020000000","2020年","13110","目黒区","","277,622","155,320","146,162","10,879","3.91864","9,158","6.26565","89.09295","14.67","19,666.1"
"2020000000","2020年","13111","大田区","","717,082","399,477","371,149","31,209","4.35222","28,328","7.63251","99.09882","61.86","12,096.5"
"2020000000","2020年","13112","世田谷区","","903,346","494,092","463,632","44,801","4.95945","30,460","6.56987","89.23843","58.05","16,333.3"
"2020000000","2020年","13113","渋谷区","","224,533","149,012","135,749","19,534","8.69983","13,263","9.77024","93.43684","15.11","16,152.7"
"2020000000","2020年","13114","中野区","","328,215","207,005","196,132","16,874","5.14114","10,873","5.54372","99.78753","15.59","22,135.3"
"2020000000","2020年","13115","杉並区","","563,997","336,954","312,001","28,244","5.00783","24,953","7.99773","92.62376","34.06","17,388.2"
"2020000000","2020年","13116","豊島区","","291,167","183,801","176,376","10,931","3.75420","7,425","4.20976","99.99735","13.01","23,220.4"
"2020000000","2020年","13117","北区","","341,076","188,380","178,379","14,425","4.22926","10,001","5.60660","98.18429","20.61","17,249.0"
"2020000000","2020年","13118","荒川区","","212,264","111,894","103,101","5,449","2.56709","8,793","8.52853","97.94430","10.16","21,428.4"
"2020000000","2020年","13119","板橋区","","561,916","314,356","291,408","22,487","4.00184","22,948","7.87487","95.77990","32.22","18,137.9"
"2020000000","2020年","13120","練馬区","","721,722","373,946","337,987","31,323","4.34004","35,959","10.63917","92.41599","48.08","15,662.3"
"2020000000","2020年","13121","足立区","","670,122","344,645","310,662","25,408","3.79155","33,983","10.93890","99.79777","53.25","13,061.6"
"2020000000","2020年","13122","葛飾区","","442,913","215,521","201,380","10,528","2.37699","14,141","7.02205","99.23416","34.80","13,029.9"
"2020000000","2020年","13123","江戸川区","","681,298","332,036","309,072","16,891","2.47924","22,964","7.42998","101.20604","49.90","13,991.8"
"2020000000","2020年","13201","八王子市","","577,513","265,572","253,356","2,092","0.36224","12,216","4.82167","101.09533","186.38","3,109.8"
"2020000000","2020年","13202","立川市","","176,295","92,301","83,285","10,794","6.12269","9,016","10.82548","98.21480","24.36","7,680.2"
"2020000000","2020年","13203","武蔵野市","","144,730","78,022","74,022","5,372","3.71174","4,000","5.40380","91.78688","10.98","13,670.5"
"2020000000","2020年","13204","三鷹市","","186,936","96,377","90,226","8,622","4.61227","6,151","6.81733","93.60645","16.42","11,909.7"
"2020000000","2020年","13205","青梅市","","137,381","56,570","54,371","-3,794","-2.76166","2,199","4.04444","99.51461","103.31","1,293.1"
"2020000000","2020年","13206","府中市","","260,274","124,317","119,569","2,658","1.02123","4,748","3.97093","100.01217","29.43","8,934.1"
"2020000000","2020年","13207","昭島市","","111,539","52,420","48,258","2,514","2.25392","4,162","8.62448","98.71592","17.34","6,577.5"
"2020000000","2020年","13208","調布市","","229,061","120,429","110,581","13,660","5.96348","9,848","8.90569","93.13388","21.58","11,247.5"
"2020000000","2020年","13209","町田市","","432,349","191,959","186,712","-824","-0.19059","5,247","2.81021","95.51408","71.55","6,031.1"
"2020000000","2020年","13210","小金井市","","121,396","63,323","59,796","4,857","4.00096","3,527","5.89839","95.88078","11.30","11,172.8"
"2020000000","2020年","13211","小平市","","190,005","90,237","82,888","8,972","4.72198","7,349","8.86618","96.06543","20.51","9,701.5"
"2020000000","2020年","13212","日野市","","186,283","90,270","84,928","3,978","2.13546","5,342","6.29003","99.32636","27.55","6,906.0"
"2020000000","2020年","13213","東村山市","","149,956","68,281","64,604","1,985","1.32372","3,677","5.69160","94.49444","17.14","8,864.7"
"2020000000","2020年","13214","国分寺市","","122,742","63,912","59,130","6,611","5.38609","4,782","8.08727","94.96142","11.46","11,287.3"
"2020000000","2020年","13215","国立市","","73,655","38,166","34,062","3,512","4.76818","4,104","12.04862","94.58608","8.15","9,468.3"
"2020000000","2020年","13218","福生市","","58,395","28,190","27,260","-1,952","-3.34275","930","3.41159","98.65203","10.16","5,555.4"
"2020000000","2020年","13219","狛江市","","80,249","42,493","39,458","4,558","5.67982","3,035","7.69172","93.73829","6.39","13,271.8"
"2020000000","2020年","13220","東大和市","","85,157","36,392","35,555","-1,205","-1.41503","837","2.35410","95.62391","13.42","6,255.7"
"2020000000","2020年","13221","清瀬市","","74,864","34,964","32,369","1,394","1.86204","2,595","8.01693","91.98409","10.23","7,454.3"
"2020000000","2020年","13222","東久留米市","","116,632","51,229","49,902","-1,405","-1.20464","1,327","2.65921","93.11033","12.88","8,946.2"
"2020000000","2020年","13223","武蔵村山市","","71,229","29,952","28,300","-366","-0.51384","1,652","5.83746","99.04778","15.32","4,625.5"
"2020000000","2020年","13224","多摩市","","146,631","68,444","65,461","538","0.36691","2,983","4.55691","95.10672","21.01","7,004.7"
"2020000000","2020年","13225","稲城市","","87,636","39,812","36,533","5,535","6.31590","3,279","8.97545","101.28108","17.97","5,184.8"
"2020000000","2020年","13227","羽村市","","55,833","23,784","23,451","-1,492","-2.67225","333","1.41998","102.29693","9.90","5,489.0"
"2020000000","2020年","13228","あきる野市","","80,954","31,791","30,817","-1,588","-1.96161","974","3.16059","98.01896","73.47","1,080.3"
"2020000000","2020年","13229","西東京市","","200,012","95,629","89,734","7,377","3.68828","5,895","6.56942","94.87784","15.75","13,167.6"
"2020000000","2020年","13303","瑞穂町","","33,445","12,942","13,192","-1,671","-4.99626","-250","-1.89509","101.40720","16.85","1,885.7"
"2020000000","2020年","13305","日の出町","","17,446","6,008","5,800","-398","-2.28133","208","3.58621","96.99561","28.07","607.3"
"2020000000","2020年","13307","檜原村","","2,209","841","839","-206","-9.32549","2","0.23838","96.37255","105.41","19.0"
"2020000000","2020年","13308","奥多摩町","","5,234","1,984","2,045","-482","-9.20902","-61","-2.98289","101.10030","225.53","21.1"
"2020000000","2020年","13361","大島町","","7,884","3,716","3,947","-780","-9.89346","-231","-5.85255","106.57168","90.76","78.3"
"2020000000","2020年","13362","利島村","","337","193","194","-10","-2.96736","-1","-0.51546","151.53846","4.12","79.4"
"2020000000","2020年","13363","新島村","","2,749","1,158","1,261","-308","-11.20407","-103","-8.16812","97.33226","27.54","88.6"
"2020000000","2020年","13364","神津島村","","1,891","810","791","-34","-1.79799","19","2.40202","105.42035","18.58","99.9"
"2020000000","2020年","13381","三宅村","","2,482","1,377","1,483","-208","-8.38034","-106","-7.14767","126.71984","55.26","41.2"
"2020000000","2020年","13382","御蔵島村","","335","187","194","-12","-3.58209","-7","-3.60825","127.46479","20.54","15.7"
"2020000000","2020年","13401","八丈町","","7,613","3,766","3,913","-565","-7.42152","-147","-3.75671","100.85494","72.23","97.6"
"2020000000","2020年","13402","青ヶ島村","","178","118","125","-9","-5.05618","-7","-5.60000","152.23881","5.96","28.4"
"2020000000","2020年","13421","小笠原村","","3,022","1,469","1,517","-90","-2.97816","-48","-3.16414","160.39076","106.88","27.4"
"2020000000","2020年","14000","神奈川県","","9,126,213","4,220,233","3,979,277","114,198","1.25132","240,956","6.05527","98.57537","2,416.11","3,824.5"
"2020000000","2020年","14100","横浜市","","3,724,844","1,753,389","1,645,618","53,474","1.43560","107,771","6.54897","97.57171","437.71","8,632.0"
"2020000000","2020年","14101","横浜市鶴見区","","285,356","145,495","132,814","12,199","4.27501","12,681","9.54794","106.24727","33.23","8,954.4"
"2020000000","2020年","14102","横浜市神奈川区","","238,966","129,425","119,397","8,356","3.49673","10,028","8.39887","103.50695","23.72","10,426.7"
"2020000000","2020年","14103","横浜市西区","","98,532","56,804","51,878","6,385","6.48013","4,926","9.49535","102.36667","7.03","14,924.2"
"2020000000","2020年","14104","横浜市中区","","148,312","85,405","78,869","3,076","2.07401","6,536","8.28716","103.78527","21.44","7,061.0"
"2020000000","2020年","14105","横浜市南区","","194,827","103,697","95,528","3,227","1.65634","8,169","8.55142","99.43609","12.65","15,656.4"
"2020000000","2020年","14106","横浜市保土ケ谷区","","205,493","99,159","92,775","2,323","1.13045","6,384","6.88116","96.04543","21.93","9,476.3"
"2020000000","2020年","14107","横浜市磯子区","","166,229","78,879","74,552","566","0.34049","4,327","5.80400","96.79201","19.05","8,755.6"
"2020000000","2020年","14108","横浜市金沢区","","202,229","89,842","86,891","-3,196","-1.58039","2,951","3.39621","94.99657","30.96","6,428.7"
"2020000000","2020年","14109","横浜市港北区","","344,172","175,313","163,519","14,506","4.21475","11,794","7.21262","99.68378","31.40","11,422.9"
"2020000000","2020年","14110","横浜市戸塚区","","275,283","122,001","113,421","8,625","3.13314","8,580","7.56474","94.91411","35.79","7,932.6"
"2020000000","2020年","14111","横浜市港南区","","215,736","95,469","91,007","-540","-0.25031","4,462","4.90292","95.23339","19.90","10,813.9"
"2020000000","2020年","14112","横浜市旭区","","247,144","107,125","102,728","-1,872","-0.75745","4,397","4.28024","92.99079","32.73","7,493.8"
"2020000000","2020年","14113","横浜市緑区","","180,366","79,247","74,498","2,781","1.54186","4,749","6.37467","96.85817","25.51","7,179.4"
"2020000000","2020年","14114","横浜市瀬谷区","","124,560","52,338","50,435","-1,889","-1.51654","1,903","3.77317","93.68596","17.17","7,144.5"
"2020000000","2020年","14115","横浜市栄区","","122,171","52,651","50,853","-1,908","-1.56175","1,798","3.53568","94.85887","18.52","6,493.7"
"2020000000","2020年","14116","横浜市泉区","","154,025","62,853","60,707","-1,573","-1.02126","2,146","3.53501","94.09510","23.58","6,465.3"
"2020000000","2020年","14117","横浜市青葉区","","309,692","133,422","125,344","1,007","0.32516","8,078","6.44466","93.59279","35.22","8,821.7"
"2020000000","2020年","14118","横浜市都筑区","","211,751","84,264","80,402","1,401","0.66163","3,862","4.80336","96.29787","27.87","7,648.1"
"2020000000","2020年","14130","川崎市","","1,475,213","746,866","691,837","63,868","4.32941","55,029","7.95404","101.65310","143.01","10,762.1"
"2020000000","2020年","14131","川崎市川崎区","","223,378","123,599","109,768","9,850","4.40957","13,831","12.60021","115.85991","39.53","5,900.0"
"2020000000","2020年","14132","川崎市幸区","","160,890","79,953","75,160","10,298","6.40065","4,793","6.37706","102.62532","10.01","17,101.7"
"2020000000","2020年","14133","川崎市中原区","","247,529","134,751","123,547","16,256","6.56731","11,204","9.06861","103.09432","14.74","17,895.9"
"2020000000","2020年","14134","川崎市高津区","","228,141","113,652","107,931","6,201","2.71806","5,721","5.30061","98.55958","16.36","14,324.1"
"2020000000","2020年","14135","川崎市多摩区","","214,158","113,324","106,472","7,695","3.59314","6,852","6.43549","103.63948","20.50","10,822.1"
"2020000000","2020年","14136","川崎市宮前区","","225,594","102,235","94,808","8,202","3.63573","7,427","7.83373","94.12307","18.61","12,562.9"
"2020000000","2020年","14137","川崎市麻生区","","175,523","79,352","74,151","5,366","3.05715","5,201","7.01407","93.63813","23.25","7,780.2"
"2020000000","2020年","14150","相模原市","","720,779","332,069","311,187","4,523","0.62752","20,882","6.71043","99.54001","328.91","2,205.2"
"2020000000","2020年","14151","相模原市緑区","","173,612","74,829","71,182","-3,473","-2.00044","3,647","5.12349","101.05052","253.93","670.0"
"2020000000","2020年","14152","相模原市中央区","","269,887","124,629","116,239","3,764","1.39466","8,390","7.21789","100.19094","36.87","7,422.1"
"2020000000","2020年","14153","相模原市南区","","277,280","132,611","123,766","4,232","1.52626","8,845","7.14655","98.01501","38.11","7,386.8"
"2020000000","2020年","14201","横須賀市","","406,586","165,031","165,746","-18,082","-4.44728","-715","-0.43138","99.52956","100.82","3,853.4"
"2020000000","2020年","14203","平塚市","","258,227","111,823","107,397","297","0.11502","4,426","4.12116","99.67252","67.82","3,811.9"
"2020000000","2020年","14204","鎌倉市","","173,019","75,724","73,035","-198","-0.11444","2,689","3.68180","88.34229","39.67","4,356.5"
"2020000000","2020年","14205","藤沢市","","423,894","193,054","180,170","13,261","3.12838","12,884","7.15102","97.37632","69.56","6,284.6"
"2020000000","2020年","14206","小田原市","","194,086","81,669","79,120","-5,100","-2.62770","2,549","3.22169","93.55585","113.60","1,663.6"
"2020000000","2020年","14207","茅ヶ崎市","","239,348","102,458","97,951","3,255","1.35994","4,507","4.60128","94.18493","35.70","6,795.6"
"2020000000","2020年","14208","逗子市","","57,425","24,879","24,103","-444","-0.77318","776","3.21952","88.21140","17.28","3,297.5"
"2020000000","2020年","14210","三浦市","","45,289","17,205","17,567","-3,191","-7.04586","-362","-2.06068","91.82539","32.05","1,313.5"
"2020000000","2020年","14211","秦野市","","167,378","70,381","69,778","-4,799","-2.86716","603","0.86417","102.63611","103.76","1,566.9"
"2020000000","2020年","14212","厚木市","","225,714","100,073","95,824","-1,967","-0.87146","4,249","4.43417","106.35537","93.84","2,384.3"
"2020000000","2020年","14213","大和市","","232,922","110,276","102,020","6,347","2.72495","8,256","8.09253","99.92898","27.09","8,832.4"
"2020000000","2020年","14214","伊勢原市","","101,514","45,231","43,088","325","0.32015","2,143","4.97354","102.23003","55.56","1,833.0"
"2020000000","2020年","14215","海老名市","","130,190","58,226","53,416","6,391","4.90898","4,810","9.00479","100.99333","26.59","5,136.6"
"2020000000","2020年","14216","座間市","","128,737","60,106","55,910","3,443","2.67444","4,196","7.50492","99.25231","17.57","7,523.1"
"2020000000","2020年","14217","南足柄市","","43,306","16,282","16,245","-2,447","-5.65049","37","0.22776","96.00403","77.12","529.8"
"2020000000","2020年","14218","綾瀬市","","84,460","34,811","33,356","-496","-0.58726","1,455","4.36203","102.97338","22.14","3,792.4"
"2020000000","2020年","14301","葉山町","","32,096","12,942","12,580","-469","-1.46124","362","2.87758","88.97586","17.04","1,856.0"
"2020000000","2020年","14321","寒川町","","47,936","19,831","18,744","430","0.89703","1,087","5.79919","102.38514","13.34","3,625.6"
"2020000000","2020年","14341","大磯町","","31,550","12,710","12,279","123","0.38986","431","3.51006","94.87479","17.18","1,843.6"
"2020000000","2020年","14342","二宮町","","28,378","11,552","11,183","-800","-2.81909","369","3.29965","93.15030","9.08","3,037.2"
"2020000000","2020年","14361","中井町","","9,679","3,426","3,359","-380","-3.92603","67","1.99464","100.53914","19.99","465.2"
"2020000000","2020年","14362","大井町","","17,033","6,674","6,178","105","0.61645","496","8.02849","96.98851","14.38","1,191.8"
"2020000000","2020年","14363","松田町","","11,171","4,569","4,406","-331","-2.96303","163","3.69950","99.48473","37.75","287.2"
"2020000000","2020年","14364","山北町","","10,724","3,923","3,903","-951","-8.86796","20","0.51243","97.51415","224.61","43.5"
"2020000000","2020年","14366","開成町","","17,013","6,932","6,169","1,320","7.75877","763","12.36829","94.57652","6.55","2,798.9"
"2020000000","2020年","14382","箱根町","","11,786","6,349","6,088","-483","-4.09808","261","4.28712","92.29330","92.86","121.7"
"2020000000","2020年","14383","真鶴町","","7,333","2,962","3,068","-608","-8.29129","-106","-3.45502","86.75368","7.05","953.9"
"2020000000","2020年","14384","湯河原町","","25,026","10,708","10,763","-1,593","-6.36538","-55","-0.51101","86.52392","40.97","572.0"
"2020000000","2020年","14401","愛川町","","40,343","16,976","16,067","-449","-1.11296","909","5.65756","109.90214","34.28","1,163.8"
"2020000000","2020年","14402","清川村","","3,214","1,126","1,122","-176","-5.47604","4","0.35651","104.99325","71.24","42.6"
"2020000000","2020年","15000","新潟県","","2,304,264","864,375","848,150","-101,906","-4.42250","16,225","1.91299","94.29405","12,583.96","175.0"
"2020000000","2020年","15100","新潟市","","810,157","331,076","321,511","-20,442","-2.52321","9,565","2.97501","92.64772","726.27","1,087.4"
"2020000000","2020年","15101","新潟市北区","","76,328","27,413","27,070","-3,481","-4.56058","343","1.26709","95.01794","107.61","677.0"
"2020000000","2020年","15102","新潟市東区","","137,577","57,449","55,550","-3,050","-2.21694","1,899","3.41854","91.82518","38.62","3,483.4"
"2020000000","2020年","15103","新潟市中央区","","183,767","90,818","88,506","-3,335","-1.81480","2,312","2.61225","91.17812","37.75","4,779.7"
"2020000000","2020年","15104","新潟市江南区","","68,906","24,842","23,677","-905","-1.31338","1,165","4.92039","93.91183","75.42","901.6"
"2020000000","2020年","15105","新潟市秋葉区","","76,843","27,967","26,898","-1,749","-2.27607","1,069","3.97427","92.19390","95.38","787.3"
"2020000000","2020年","15106","新潟市南区","","45,685","14,931","14,583","-2,202","-4.81996","348","2.38634","93.25778","100.91","430.9"
"2020000000","2020年","15107","新潟市西区","","162,833","68,954","66,860","-2,091","-1.28414","2,094","3.13192","93.50420","94.00","1,710.0"
"2020000000","2020年","15108","新潟市西蒲区","","58,218","18,702","18,367","-3,629","-6.23347","335","1.82392","92.51984","176.57","309.2"
"2020000000","2020年","15202","長岡市","","275,133","104,505","100,143","-8,018","-2.91423","4,362","4.35577","96.32003","891.06","299.8"
"2020000000","2020年","15204","三条市","","99,192","33,969","33,201","-4,513","-4.54976","768","2.31318","93.81576","431.97","219.2"
"2020000000","2020年","15205","柏崎市","","86,833","33,820","33,560","-5,284","-6.08524","260","0.77473","98.91455","442.03","184.5"
"2020000000","2020年","15206","新発田市","","98,611","35,179","34,186","-3,635","-3.68620","993","2.90470","93.78507","533.11","178.2"
"2020000000","2020年","15208","小千谷市","","36,498","12,109","12,165","-2,396","-6.56474","-56","-0.46034","98.08318","155.19","219.7"
"2020000000","2020年","15209","加茂市","","27,852","9,392","9,634","-2,403","-8.62775","-242","-2.51194","95.23590","133.72","190.3"
"2020000000","2020年","15210","十日町市","","54,917","18,008","18,598","-5,083","-9.25579","-590","-3.17238","95.49645","590.39","84.4"
"2020000000","2020年","15211","見附市","","40,608","14,102","13,702","-1,356","-3.33924","400","2.91928","94.42271","77.91","503.8"
"2020000000","2020年","15212","村上市","","62,442","21,588","22,138","-4,998","-8.00423","-550","-2.48442","91.68446","1,174.17","48.9"
"2020000000","2020年","15213","燕市","","79,784","28,535","27,537","-2,550","-3.19613","998","3.62421","94.97627","110.94","696.2"
"2020000000","2020年","15216","糸魚川市","","44,162","16,459","16,699","-3,384","-7.66270","-240","-1.43721","96.93809","746.24","54.6"
"2020000000","2020年","15217","妙高市","","33,199","11,341","11,562","-2,797","-8.42495","-221","-1.91143","94.16273","445.63","68.2"
"2020000000","2020年","15218","五泉市","","51,404","17,016","16,945","-3,754","-7.30293","71","0.41900","92.35427","351.91","135.4"
"2020000000","2020年","15222","上越市","","196,987","72,804","71,015","-8,868","-4.50182","1,789","2.51919","95.55396","973.89","193.2"
"2020000000","2020年","15223","阿賀野市","","43,415","13,483","13,390","-2,707","-6.23517","93","0.69455","92.56386","192.74","211.2"
"2020000000","2020年","15224","佐渡市","","57,255","21,268","22,401","-5,742","-10.02882","-1,133","-5.05781","93.43247","855.68","60.2"
"2020000000","2020年","15225","魚沼市","","37,352","12,705","12,833","-2,851","-7.63279","-128","-0.99743","94.98700","946.76","36.4"
"2020000000","2020年","15226","南魚沼市","","58,568","19,530","19,426","-3,692","-6.30378","104","0.53536","95.30911","584.55","93.9"
"2020000000","2020年","15227","胎内市","","30,198","10,294","10,056","-1,671","-5.53348","238","2.36675","95.76585","264.89","107.7"
"2020000000","2020年","15307","聖籠町","","14,040","4,797","4,262","226","1.60969","535","12.55279","101.12787","37.58","379.6"
"2020000000","2020年","15342","弥彦村","","8,209","2,608","2,584","-501","-6.10306","24","0.92879","93.86318","25.17","306.2"
"2020000000","2020年","15361","田上町","","12,188","3,990","4,028","-957","-7.85199","-38","-0.94340","92.41048","31.71","354.2"
"2020000000","2020年","15385","阿賀町","","11,680","4,061","4,482","-1,710","-14.64041","-421","-9.39313","93.74271","952.89","10.5"
"2020000000","2020年","15405","出雲崎町","","4,528","1,535","1,608","-414","-9.14311","-73","-4.53980","92.60300","44.38","92.7"
"2020000000","2020年","15461","湯沢町","","8,046","3,591","3,455","-276","-3.43028","136","3.93632","103.29670","357.29","21.7"
"2020000000","2020年","15482","津南町","","10,029","3,116","3,328","-1,037","-10.34001","-212","-6.37019","92.54818","170.21","52.8"
"2020000000","2020年","15504","刈羽村","","4,775","1,570","1,682","-391","-8.18848","-112","-6.65874","105.05145","26.27","166.9"
"2020000000","2020年","15581","関川村","","5,832","1,756","1,846","-685","-11.74554","-90","-4.87541","90.41805","299.61","17.2"
"2020000000","2020年","15586","粟島浦村","","370","168","173","-17","-4.59459","-5","-2.89017","105.23256","9.78","36.1"
"2020000000","2020年","16000","富山県","","1,066,328","403,538","391,171","-30,716","-2.88054","12,367","3.16153","94.38366","4,247.58","243.8"
"2020000000","2020年","16201","富山市","","418,686","171,728","163,862","-4,515","-1.07837","7,866","4.80038","95.54170","1,241.74","333.5"
"2020000000","2020年","16202","高岡市","","172,125","65,484","63,814","-5,612","-3.26042","1,670","2.61698","93.58600","209.57","794.5"
"2020000000","2020年","16204","魚津市","","42,935","15,793","15,855","-2,350","-5.47339","-62","-0.39104","94.63361","200.61","202.3"
"2020000000","2020年","16205","氷見市","","47,992","15,765","16,096","-3,997","-8.32847","-331","-2.05641","90.46279","230.54","190.8"
"2020000000","2020年","16206","滑川市","","32,755","12,075","11,699","-376","-1.14792","376","3.21395","94.70235","54.62","592.8"
"2020000000","2020年","16207","黒部市","","40,991","15,223","14,793","-1,344","-3.27877","430","2.90678","96.84723","426.31","93.0"
"2020000000","2020年","16208","砺波市","","49,000","17,106","16,220","-809","-1.65102","886","5.46239","94.57746","127.03","379.4"
"2020000000","2020年","16209","小矢部市","","30,399","9,683","9,517","-1,381","-4.54291","166","1.74425","93.23433","134.07","216.4"
"2020000000","2020年","16210","南砺市","","51,327","16,482","16,594","-3,351","-6.52873","-112","-0.67494","91.74294","668.64","71.8"
"2020000000","2020年","16211","射水市","","92,308","33,820","32,115","-1,501","-1.62608","1,705","5.30905","95.13699","109.44","829.7"
"2020000000","2020年","16321","舟橋村","","2,982","1,051","910","151","5.06372","141","15.49451","94.47548","3.47","902.9"
"2020000000","2020年","16322","上市町","","20,930","7,248","7,395","-1,563","-7.46775","-147","-1.98783","91.50598","236.71","81.8"
"2020000000","2020年","16323","立山町","","26,317","9,043","9,159","-1,455","-5.52875","-116","-1.26651","94.03731","307.29","80.9"
"2020000000","2020年","16342","入善町","","25,335","8,684","8,628","-1,460","-5.76278","56","0.64905","91.18354","71.25","335.1"
"2020000000","2020年","16343","朝日町","","12,246","4,353","4,514","-1,153","-9.41532","-161","-3.56668","89.36497","226.30","49.0"
"2020000000","2020年","17000","石川県","","1,154,008","468,953","453,368","-20,714","-1.79496","15,585","3.43760","94.26210","4,186.21","270.7"
"2020000000","2020年","17201","金沢市","","465,699","206,904","199,572","-2,116","-0.45437","7,332","3.67386","93.97671","468.79","988.9"
"2020000000","2020年","17202","七尾市","","55,325","20,324","20,855","-4,989","-9.01762","-531","-2.54615","90.91978","318.29","158.1"
"2020000000","2020年","17203","小松市","","106,919","41,180","38,166","-627","-0.58643","3,014","7.89708","96.53496","371.05","286.5"
"2020000000","2020年","17204","輪島市","","27,216","10,206","10,649","-2,583","-9.49074","-443","-4.16002","90.71694","426.32","57.8"
"2020000000","2020年","17205","珠洲市","","14,625","5,493","5,861","-1,691","-11.56239","-368","-6.27879","84.82424","247.20","52.3"
"2020000000","2020年","17206","加賀市","","67,186","25,237","24,841","-3,923","-5.83901","396","1.59414","89.91624","305.87","206.8"
"2020000000","2020年","17207","羽咋市","","21,729","8,035","8,066","-1,300","-5.98279","-31","-0.38433","89.89589","81.85","249.6"
"2020000000","2020年","17209","かほく市","","34,219","12,528","11,604","692","2.02227","924","7.96277","93.62729","64.44","541.8"
"2020000000","2020年","17210","白山市","","109,287","40,858","38,439","1,210","1.10718","2,419","6.29309","94.53355","754.93","146.4"
"2020000000","2020年","17211","能美市","","48,881","18,170","17,352","-334","-0.68329","818","4.71415","98.80016","84.14","577.0"
"2020000000","2020年","17212","野々市市","","55,099","26,143","24,759","2,161","3.92203","1,384","5.58989","106.69242","13.56","4,222.7"
"2020000000","2020年","17324","川北町","","6,347","1,909","1,853","-204","-3.21412","56","3.02213","97.14377","14.64","419.6"
"2020000000","2020年","17361","津幡町","","36,968","13,414","12,545","-2","-0.00541","869","6.92706","95.38055","110.59","334.3"
"2020000000","2020年","17365","内灘町","","26,987","10,695","10,446","-399","-1.47849","249","2.38369","92.52715","20.33","1,307.8"
"2020000000","2020年","17384","志賀町","","20,422","7,441","7,493","-1,781","-8.72099","-52","-0.69398","91.03300","246.76","75.5"
"2020000000","2020年","17386","宝達志水町","","13,174","4,429","4,447","-1,045","-7.93229","-18","-0.40477","89.24949","111.52","108.8"
"2020000000","2020年","17407","中能登町","","17,571","6,085","6,055","-1,019","-5.79933","30","0.49546","93.00373","89.45","185.0"
"2020000000","2020年","17461","穴水町","","8,786","3,288","3,461","-889","-10.11837","-173","-4.99856","92.46893","183.21","43.1"
"2020000000","2020年","17463","能登町","","17,568","6,614","6,904","-1,875","-10.67281","-290","-4.20046","88.66314","273.27","57.4"
"2020000000","2020年","18000","福井県","","786,740","290,983","279,687","-19,307","-2.45405","11,296","4.03880","95.09636","4,190.52","183.1"
"2020000000","2020年","18201","福井市","","265,904","104,317","99,872","-3,403","-1.27979","4,445","4.45070","94.99695","536.41","489.4"
"2020000000","2020年","18202","敦賀市","","66,165","27,791","26,545","-1,863","-2.81569","1,246","4.69392","97.84013","251.41","255.8"
"2020000000","2020年","18204","小浜市","","29,670","12,084","11,220","-651","-2.19414","864","7.70053","97.48877","233.11","124.5"
"2020000000","2020年","18205","大野市","","33,109","10,881","10,698","-1,785","-5.39128","183","1.71060","91.88924","872.43","35.9"
"2020000000","2020年","18206","勝山市","","24,125","7,521","7,703","-1,945","-8.06218","-182","-2.36272","91.33885","253.88","87.4"
"2020000000","2020年","18207","鯖江市","","68,284","23,826","22,335","79","0.11569","1,491","6.67562","95.10545","84.59","808.2"
"2020000000","2020年","18208","あわら市","","28,729","9,934","9,697","-1,190","-4.14216","237","2.44405","90.17333","116.98","235.4"
"2020000000","2020年","18209","越前市","","81,524","29,480","27,889","-857","-1.05122","1,591","5.70476","96.73918","230.70","349.7"
"2020000000","2020年","18210","坂井市","","90,280","30,986","29,454","-1,747","-1.93509","1,532","5.20133","93.37527","209.67","422.2"
"2020000000","2020年","18322","永平寺町","","19,883","7,257","7,276","-903","-4.54157","-19","-0.26113","94.68663","94.43","201.0"
"2020000000","2020年","18382","池田町","","2,638","951","902","-214","-8.11221","49","5.43237","97.55501","194.65","12.5"
"2020000000","2020年","18404","南越前町","","10,799","3,269","3,353","-790","-7.31549","-84","-2.50522","92.25893","343.69","29.1"
"2020000000","2020年","18423","越前町","","21,538","6,580","6,560","-1,412","-6.55585","20","0.30488","93.42624","153.15","131.4"
"2020000000","2020年","18442","美浜町","","9,914","3,738","3,899","-712","-7.18176","-161","-4.12926","100.74171","152.35","60.4"
"2020000000","2020年","18481","高浜町","","10,596","4,497","4,191","-264","-2.49151","306","7.30136","110.59927","72.40","142.7"
"2020000000","2020年","18483","おおい町","","8,325","3,014","3,222","-412","-4.94895","-208","-6.45562","100.73567","212.19","37.3"
"2020000000","2020年","18501","若狭町","","15,257","4,857","4,871","-1,238","-8.11431","-14","-0.28742","91.85712","178.49","78.5"
"2020000000","2020年","19000","山梨県","","834,930","338,333","330,976","-24,503","-2.93474","7,357","2.22282","96.21267","4,465.27","181.5"
"2020000000","2020年","19201","甲府市","","193,125","87,007","85,057","-3,383","-1.75172","1,950","2.29258","95.91934","212.47","893.0"
"2020000000","2020年","19202","富士吉田市","","49,003","18,335","18,091","-2,451","-5.00173","244","1.34874","94.74565","121.74","382.4"
"2020000000","2020年","19204","都留市","","32,002","14,057","13,465","-979","-3.05918","592","4.39658","92.91711","161.63","191.9"
"2020000000","2020年","19205","山梨市","","35,141","12,991","12,961","-1,676","-4.76936","30","0.23146","92.54891","289.80","115.5"
"2020000000","2020年","19206","大月市","","25,419","9,215","9,804","-2,894","-11.38518","-589","-6.00775","94.18103","280.25","80.4"
"2020000000","2020年","19207","韮崎市","","30,680","11,523","11,673","-1,598","-5.20860","-150","-1.28502","99.49239","143.69","202.4"
"2020000000","2020年","19208","南アルプス市","","70,828","25,988","25,135","-1,334","-1.88344","853","3.39367","96.74424","264.14","263.1"
"2020000000","2020年","19209","北杜市","","45,111","18,885","18,408","-1,015","-2.25001","477","2.59126","95.20142","602.48","73.2"
"2020000000","2020年","19210","甲斐市","","74,386","30,951","29,463","957","1.28653","1,488","5.05040","97.71433","71.95","1,047.2"
"2020000000","2020年","19211","笛吹市","","69,559","26,821","26,268","-2,580","-3.70908","553","2.10522","93.99583","201.92","331.7"
"2020000000","2020年","19212","上野原市","","24,805","9,480","9,661","-2,128","-8.57892","-181","-1.87351","99.95591","170.57","132.9"
"2020000000","2020年","19213","甲州市","","31,671","11,133","11,389","-2,412","-7.61580","-256","-2.24778","92.70895","264.11","110.8"
"2020000000","2020年","19214","中央市","","31,124","13,530","12,789","111","0.35664","741","5.79404","98.78445","31.69","985.6"
"2020000000","2020年","19346","市川三郷町","","15,678","5,796","5,886","-968","-6.17426","-90","-1.52905","94.93772","75.18","195.7"
"2020000000","2020年","19364","早川町","","1,068","675","573","30","2.80899","102","17.80105","133.12102","369.96","3.0"
"2020000000","2020年","19365","身延町","","12,669","4,564","5,211","-2,014","-15.89707","-647","-12.41604","95.97204","301.98","35.3"
"2020000000","2020年","19366","南部町","","8,067","2,819","3,006","-910","-11.28053","-187","-6.22089","95.33297","200.87","35.6"
"2020000000","2020年","19368","富士川町","","15,289","5,633","5,672","-1,064","-6.95925","-39","-0.68759","92.80293","112.00","127.0"
"2020000000","2020年","19384","昭和町","","19,505","9,091","8,223","1,411","7.23404","868","10.55576","99.73262","9.08","2,303.5"
"2020000000","2020年","19422","道志村","","1,743","613","591","-135","-7.74527","22","3.72250","101.75659","79.68","20.2"
"2020000000","2020年","19423","西桂町","","4,342","1,479","1,478","-301","-6.93229","1","0.06766","92.97994","15.22","265.5"
"2020000000","2020年","19424","忍野村","","8,968","3,490","3,034","268","2.98840","456","15.02966","125.15846","25.05","368.7"
"2020000000","2020年","19425","山中湖村","","5,208","1,961","1,855","-30","-0.57604","106","5.71429","97.55818","53.05","97.6"
"2020000000","2020年","19429","鳴沢村","","2,921","1,053","1,036","-87","-2.97843","17","1.64093","97.49129","89.58","31.6"
"2020000000","2020年","19430","富士河口湖町","","25,329","10,621","9,616","755","2.98077","1,005","10.45133","96.90496","158.40","164.7"
"2020000000","2020年","19442","小菅村","","726","339","337","-42","-5.78512","2","0.59347","101.17647","52.78","13.0"
"2020000000","2020年","19443","丹波山村","","563","283","294","-34","-6.03908","-11","-3.74150","104.24710","101.30","5.2"
"2020000000","2020年","20000","長野県","","2,098,804","830,413","807,108","-49,121","-2.34043","23,305","2.88747","95.44579","13,561.56","151.1"
"2020000000","2020年","20201","長野市","","377,598","156,854","150,414","-4,347","-1.15122","6,440","4.28152","94.71087","834.81","447.1"
"2020000000","2020年","20202","松本市","","243,293","104,253","100,173","-1,956","-0.80397","4,080","4.07295","96.18980","978.47","246.6"
"2020000000","2020年","20203","上田市","","156,827","64,063","62,696","-2,672","-1.70379","1,367","2.18036","95.70765","552.04","279.2"
"2020000000","2020年","20204","岡谷市","","50,128","19,236","19,100","-2,308","-4.60421","136","0.71204","94.38234","85.10","561.9"
"2020000000","2020年","20205","飯田市","","101,581","38,822","37,694","-3,375","-3.32247","1,128","2.99252","92.94289","658.66","149.1"
"2020000000","2020年","20206","諏訪市","","50,140","20,758","20,401","-1,366","-2.72437","357","1.74991","95.41648","109.17","446.8"
"2020000000","2020年","20207","須坂市","","50,725","18,803","18,447","-1,142","-2.25136","356","1.92985","96.32167","149.67","331.3"
"2020000000","2020年","20208","小諸市","","42,512","16,787","16,662","-1,504","-3.53782","125","0.75021","94.96054","98.55","416.1"
"2020000000","2020年","20209","伊那市","","68,271","26,118","26,231","-2,160","-3.16386","-113","-0.43079","96.32071","667.93","99.0"
"2020000000","2020年","20210","駒ヶ根市","","32,759","12,885","12,437","-541","-1.65145","448","3.60215","95.35532","165.86","194.2"
"2020000000","2020年","20211","中野市","","43,909","15,765","15,296","-1,548","-3.52547","469","3.06616","94.33434","112.18","377.6"
"2020000000","2020年","20212","大町市","","28,041","10,705","10,826","-1,972","-7.03256","-121","-1.11768","93.59127","565.15","46.1"
"2020000000","2020年","20213","飯山市","","21,438","7,249","7,423","-1,891","-8.82079","-174","-2.34407","94.49751","202.43","96.6"
"2020000000","2020年","20214","茅野市","","55,912","23,881","22,301","588","1.05165","1,580","7.08488","100.04249","266.59","211.9"
"2020000000","2020年","20215","塩尻市","","67,135","27,992","26,350","167","0.24875","1,642","6.23150","99.83966","289.98","232.1"
"2020000000","2020年","20217","佐久市","","99,368","39,908","38,487","-1,068","-1.07479","1,421","3.69216","95.66472","423.51","232.1"
"2020000000","2020年","20218","千曲市","","60,298","22,003","21,573","-1,398","-2.31848","430","1.99323","93.17176","119.79","491.7"
"2020000000","2020年","20219","東御市","","30,107","11,247","11,004","47","0.15611","243","2.20829","96.23845","112.37","268.3"
"2020000000","2020年","20220","安曇野市","","95,282","36,534","34,732","-1,004","-1.05371","1,802","5.18830","92.84487","331.78","284.2"
"2020000000","2020年","20303","小海町","","4,713","1,793","1,873","-356","-7.55358","-80","-4.27122","96.70429","114.20","38.2"
"2020000000","2020年","20304","川上村","","4,607","1,238","1,205","-257","-5.57847","33","2.73859","147.86325","209.61","20.8"
"2020000000","2020年","20305","南牧村","","3,408","1,064","1,036","-136","-3.99061","28","2.70270","125.65517","133.09","24.6"
"2020000000","2020年","20306","南相木村","","1,005","410","428","-39","-3.88060","-18","-4.20561","96.34146","66.05","14.6"
"2020000000","2020年","20307","北相木村","","774","366","333","-21","-2.71318","33","9.90991","100.80000","56.32","13.4"
"2020000000","2020年","20309","佐久穂町","","11,186","3,926","4,014","-969","-8.66261","-88","-2.19233","94.46136","188.15","54.3"
"2020000000","2020年","20321","軽井沢町","","18,994","8,571","8,247","203","1.06876","324","3.92870","91.66334","156.03","123.0"
"2020000000","2020年","20323","御代田町","","15,184","6,687","6,118","379","2.49605","569","9.30042","98.22952","58.79","264.7"
"2020000000","2020年","20324","立科町","","7,265","2,605","2,682","-648","-8.91948","-77","-2.87099","101.06351","66.87","99.0"
"2020000000","2020年","20349","青木村","","4,343","1,555","1,556","-219","-5.04260","-1","-0.06427","92.17148","57.10","72.2"
"2020000000","2020年","20350","長和町","","6,166","2,310","2,416","-560","-9.08206","-106","-4.38742","98.37226","183.86","30.5"
"2020000000","2020年","20361","下諏訪町","","20,236","7,907","7,946","-1,065","-5.26290","-39","-0.49081","93.08087","66.87","286.7"
"2020000000","2020年","20362","富士見町","","14,493","5,591","5,396","-385","-2.65645","195","3.61379","94.32507","144.76","97.5"
"2020000000","2020年","20363","原村","","7,566","2,853","2,673","118","1.55961","180","6.73401","96.42127","43.26","177.6"
"2020000000","2020年","20382","辰野町","","19,770","7,255","7,343","-1,208","-6.11027","-88","-1.19842","94.48868","169.20","109.7"
"2020000000","2020年","20383","箕輪町","","25,241","9,450","9,240","-260","-1.03007","210","2.27273","100.24850","85.91","290.8"
"2020000000","2020年","20384","飯島町","","9,530","3,387","3,325","-523","-5.48793","62","1.86466","95.16793","86.96","103.6"
"2020000000","2020年","20385","南箕輪村","","15,063","6,434","5,839","754","5.00564","595","10.19010","98.73100","40.99","385.9"
"2020000000","2020年","20386","中川村","","4,850","1,586","1,584","-201","-4.14433","2","0.12626","88.98374","77.05","60.3"
"2020000000","2020年","20388","宮田村","","8,821","3,268","3,122","-251","-2.84548","146","4.67649","94.46335","54.50","157.2"
"2020000000","2020年","20402","松川町","","13,167","4,445","4,355","-628","-4.76950","90","2.06659","93.92205","72.79","172.3"
"2020000000","2020年","20403","高森町","","13,080","4,426","4,247","-266","-2.03364","179","4.21474","92.51803","45.36","282.5"
"2020000000","2020年","20404","阿南町","","4,962","1,614","1,737","-660","-13.30109","-123","-7.08117","93.17467","123.07","35.0"
"2020000000","2020年","20407","阿智村","","6,538","2,151","2,188","-467","-7.14286","-37","-1.69104","91.09223","214.43","28.3"
"2020000000","2020年","20409","平谷村","","484","196","211","-95","-19.62810","-15","-7.10900","97.46193","77.37","5.0"
"2020000000","2020年","20410","根羽村","","970","383","416","-117","-12.06186","-33","-7.93269","92.98643","89.97","9.5"
"2020000000","2020年","20411","下條村","","3,851","1,160","1,159","-306","-7.94599","1","0.08628","93.08279","38.12","93.0"
"2020000000","2020年","20412","売木村","","575","279","270","-26","-4.52174","9","3.33333","84.22819","43.43","12.6"
"2020000000","2020年","20413","天龍村","","1,365","569","651","-190","-13.91941","-82","-12.59601","89.82229","109.44","10.7"
"2020000000","2020年","20414","泰阜村","","1,702","604","639","-160","-9.40071","-35","-5.47731","88.97059","64.59","23.9"
"2020000000","2020年","20415","喬木村","","6,310","2,035","2,029","-333","-5.27734","6","0.29571","94.81747","66.61","89.7"
"2020000000","2020年","20416","豊丘村","","6,592","2,123","2,054","-162","-2.45752","69","3.35930","98.33436","76.79","83.7"
"2020000000","2020年","20417","大鹿村","","1,023","462","475","-2","-0.19550","-13","-2.73684","111.38716","248.28","4.1"
"2020000000","2020年","20422","上松町","","4,670","1,755","1,864","-547","-11.71306","-109","-5.84764","97.65101","168.42","24.5"
"2020000000","2020年","20423","南木曽町","","4,313","1,626","1,713","-396","-9.18154","-87","-5.07881","93.81494","215.93","18.1"
"2020000000","2020年","20425","木祖村","","2,926","1,014","1,045","-232","-7.92891","-31","-2.96651","84.77366","140.50","19.2"
"2020000000","2020年","20429","王滝村","","839","371","398","-123","-14.66031","-27","-6.78392","89.41799","310.82","2.3"
"2020000000","2020年","20430","大桑村","","3,825","1,477","1,522","-386","-10.09150","-45","-2.95664","95.62002","234.47","14.7"
"2020000000","2020年","20432","木曽町","","11,826","4,679","4,942","-1,243","-10.51074","-263","-5.32173","94.89871","476.03","22.2"
"2020000000","2020年","20446","麻績村","","2,788","970","1,001","-193","-6.92253","-31","-3.09690","88.59012","34.38","75.5"
"2020000000","2020年","20448","生坂村","","1,843","673","698","-203","-11.01465","-25","-3.58166","99.51338","39.05","42.0"
"2020000000","2020年","20450","山形村","","8,395","3,013","2,725","9","0.10721","288","10.56881","95.53281","24.98","336.4"
"2020000000","2020年","20451","朝日村","","4,462","1,475","1,412","-180","-4.03407","63","4.46176","97.14549","70.62","60.6"
"2020000000","2020年","20452","筑北村","","4,730","1,683","1,780","-580","-12.26216","-97","-5.44944","97.71320","99.47","41.7"
"2020000000","2020年","20481","池田町","","9,926","3,543","3,518","-538","-5.42011","25","0.71063","94.24788","40.16","233.8"
"2020000000","2020年","20482","松川村","","9,948","3,575","3,497","-337","-3.38762","78","2.23048","92.10474","47.07","204.2"
"2020000000","2020年","20485","白馬村","","8,929","3,691","3,477","-344","-3.85262","214","6.15473","98.49711","189.36","45.3"
"2020000000","2020年","20486","小谷村","","2,904","1,140","1,195","-259","-8.91873","-55","-4.60251","107.28840","267.91","9.9"
"2020000000","2020年","20521","坂城町","","14,871","5,420","5,473","-851","-5.72255","-53","-0.96839","97.43698","53.64","261.4"
"2020000000","2020年","20541","小布施町","","10,702","3,682","3,528","-41","-0.38311","154","4.36508","92.54109","19.12","557.6"
"2020000000","2020年","20543","高山村","","7,033","2,320","2,291","-407","-5.78700","29","1.26582","96.03550","98.56","67.2"
"2020000000","2020年","20561","山ノ内町","","12,429","4,413","4,465","-1,066","-8.57672","-52","-1.16461","94.80542","265.90","42.7"
"2020000000","2020年","20562","木島平村","","4,658","1,684","1,564","-284","-6.09704","120","7.67263","93.79708","99.32","44.0"
"2020000000","2020年","20563","野沢温泉村","","3,479","1,153","1,159","-201","-5.77752","-6","-0.51769","91.58387","57.96","56.6"
"2020000000","2020年","20583","信濃町","","8,469","3,062","3,157","-724","-8.54883","-95","-3.00919","97.02366","149.30","51.9"
"2020000000","2020年","20588","小川村","","2,665","968","1,086","-440","-16.51032","-118","-10.86556","98.48350","58.11","38.3"
"2020000000","2020年","20590","飯綱町","","11,063","3,767","3,769","-763","-6.89686","-2","-0.05306","94.96498","75.00","137.3"
"2020000000","2020年","20602","栄村","","1,953","693","775","-286","-14.64414","-82","-10.58065","93.16338","271.66","6.1"
"2020000000","2020年","21000","岐阜県","","2,031,903","778,629","753,212","-52,122","-2.56518","25,417","3.37448","94.25691","10,621.29","186.4"
"2020000000","2020年","21201","岐阜市","","406,735","173,204","165,443","-3,993","-0.98172","7,761","4.69104","90.82596","203.60","1,978.1"
"2020000000","2020年","21202","大垣市","","159,879","61,994","60,085","-1,537","-0.96135","1,909","3.17717","94.68358","206.57","766.5"
"2020000000","2020年","21203","高山市","","89,182","32,746","32,670","-4,719","-5.29143","76","0.23263","92.06176","2,177.61","38.8"
"2020000000","2020年","21204","多治見市","","110,441","42,555","41,446","-3,631","-3.28773","1,109","2.67577","92.90578","91.25","1,170.5"
"2020000000","2020年","21205","関市","","89,153","33,574","32,827","-3,870","-4.34085","747","2.27557","95.54939","472.33","180.6"
"2020000000","2020年","21206","中津川市","","78,883","29,445","28,438","-2,225","-2.82063","1,007","3.54104","95.33687","676.45","113.3"
"2020000000","2020年","21207","美濃市","","20,760","7,423","7,508","-1,493","-7.19171","-85","-1.13213","93.21099","117.01","164.7"
"2020000000","2020年","21208","瑞浪市","","38,730","14,482","13,904","-1,555","-4.01498","578","4.15708","95.46243","174.86","212.6"
"2020000000","2020年","21209","羽島市","","67,337","24,714","23,948","-1,653","-2.45482","766","3.19860","96.82958","53.66","1,224.1"
"2020000000","2020年","21210","恵那市","","51,073","18,102","18,106","-3,255","-6.37323","-4","-0.02209","93.87772","504.24","94.8"
"2020000000","2020年","21211","美濃加茂市","","55,384","21,729","20,501","1,334","2.40864","1,228","5.98995","98.45346","74.81","758.2"
"2020000000","2020年","21212","土岐市","","57,827","21,311","21,039","-2,453","-4.24196","272","1.29284","93.90013","116.02","477.3"
"2020000000","2020年","21213","各務原市","","144,690","57,002","53,470","-71","-0.04907","3,532","6.60557","97.11992","87.81","1,647.0"
"2020000000","2020年","21214","可児市","","98,695","39,598","37,171","1,342","1.35974","2,427","6.52928","96.86122","87.57","1,142.4"
"2020000000","2020年","21215","山県市","","27,114","9,479","9,640","-1,823","-6.72346","-161","-1.67012","93.06107","221.98","113.9"
"2020000000","2020年","21216","瑞穂市","","54,354","22,463","21,011","2,057","3.78445","1,452","6.91067","99.36033","28.19","2,001.1"
"2020000000","2020年","21217","飛騨市","","24,696","8,183","8,509","-2,140","-8.66537","-326","-3.83124","92.91823","792.53","28.5"
"2020000000","2020年","21218","本巣市","","33,995","11,700","11,346","-1,055","-3.10340","354","3.12004","93.74191","374.65","87.9"
"2020000000","2020年","21219","郡上市","","42,090","14,546","14,610","-3,087","-7.33428","-64","-0.43806","95.48416","1,030.75","37.8"
"2020000000","2020年","21220","下呂市","","33,585","11,686","12,140","-3,142","-9.35537","-454","-3.73970","90.57844","851.21","35.8"
"2020000000","2020年","21221","海津市","","35,206","11,598","11,513","-2,457","-6.97892","85","0.73830","96.11354","112.03","292.3"
"2020000000","2020年","21302","岐南町","","24,622","10,527","9,560","1,268","5.14987","967","10.11506","95.81001","7.91","3,273.1"
"2020000000","2020年","21303","笠松町","","22,750","8,580","8,191","-530","-2.32967","389","4.74911","89.81719","10.30","2,157.3"
"2020000000","2020年","21341","養老町","","29,029","9,340","9,378","-2,132","-7.34438","-38","-0.40520","95.27370","72.29","372.1"
"2020000000","2020年","21361","垂井町","","27,556","9,545","9,374","-1,137","-4.12614","171","1.82419","96.70166","57.09","462.8"
"2020000000","2020年","21362","関ケ原町","","7,419","2,492","2,625","-807","-10.87748","-133","-5.06667","93.95717","49.28","134.2"
"2020000000","2020年","21381","神戸町","","19,282","6,794","6,572","-695","-3.60440","222","3.37797","95.87944","18.78","989.7"
"2020000000","2020年","21382","輪之内町","","9,973","3,437","3,138","-309","-3.09837","299","9.52836","99.01153","22.33","432.8"
"2020000000","2020年","21383","安八町","","14,752","5,002","4,713","-397","-2.69116","289","6.13198","96.24060","18.16","790.5"
"2020000000","2020年","21401","揖斐川町","","21,503","7,041","7,269","-1,968","-9.15221","-228","-3.13661","92.06568","803.44","24.3"
"2020000000","2020年","21403","大野町","","23,453","7,541","7,366","-1,405","-5.99070","175","2.37578","95.66915","34.20","644.7"
"2020000000","2020年","21404","池田町","","24,347","8,402","7,897","-969","-3.97996","505","6.39483","95.59906","38.80","602.5"
"2020000000","2020年","21421","北方町","","18,169","7,373","7,139","-21","-0.11558","234","3.27777","91.11205","5.18","3,503.5"
"2020000000","2020年","21501","坂祝町","","8,202","3,189","3,111","-133","-1.62156","78","2.50723","106.68545","12.87","627.0"
"2020000000","2020年","21502","富加町","","5,564","1,973","1,834","63","1.13228","139","7.57906","92.50770","16.82","334.5"
"2020000000","2020年","21503","川辺町","","10,197","3,695","3,561","-331","-3.24605","134","3.76299","97.39896","41.16","239.7"
"2020000000","2020年","21504","七宗町","","3,876","1,312","1,381","-468","-12.07430","-69","-4.99638","89.43858","90.47","37.7"
"2020000000","2020年","21505","八百津町","","11,027","3,877","3,892","-826","-7.49070","-15","-0.38541","92.68984","128.79","79.2"
"2020000000","2020年","21506","白川町","","8,392","2,878","3,002","-975","-11.61821","-124","-4.13058","88.72774","237.90","31.2"
"2020000000","2020年","21507","東白川村","","2,261","780","817","-244","-10.79169","-37","-4.52876","91.54796","87.09","23.2"
"2020000000","2020年","21521","御嵩町","","18,111","6,737","6,514","-582","-3.21352","223","3.42340","100.05706","56.69","309.2"
"2020000000","2020年","21604","白川村","","1,609","580","553","-98","-6.09074","27","4.88246","99.86772","356.64","4.2"
"2020000000","2020年","22000","静岡県","","3,700,305","1,479,735","1,429,600","-65,085","-1.75891","50,135","3.50693","97.19111","7,777.35","467.4"
"2020000000","2020年","22100","静岡市","","704,989","296,778","286,013","-11,230","-1.59293","10,765","3.76381","94.94676","1,411.83","491.4"
"2020000000","2020年","22101","静岡市葵区","","253,593","105,040","101,673","-4,142","-1.63333","3,367","3.31160","92.71257","1,073.75","232.3"
"2020000000","2020年","22102","静岡市駿河区","","212,419","96,030","90,631","688","0.32389","5,399","5.95712","97.41086","73.06","2,916.9"
"2020000000","2020年","22103","静岡市清水区","","238,977","95,708","93,709","-7,776","-3.25387","1,999","2.13320","95.14256","265.02","872.4"
"2020000000","2020年","22130","浜松市","","797,980","319,900","309,227","-6,825","-0.85528","10,673","3.45151","98.72824","1,558.06","507.8"
"2020000000","2020年","22131","浜松市中区","","237,443","107,956","106,191","-2,070","-0.87179","1,765","1.66210","99.53628","44.34","5,308.4"
"2020000000","2020年","22132","浜松市東区","","128,555","52,318","50,106","855","0.66508","2,212","4.41464","98.99128","46.29","2,795.6"
"2020000000","2020年","22133","浜松市西区","","111,353","39,710","38,730","-3,155","-2.83333","980","2.53034","97.76640","114.71","943.2"
"2020000000","2020年","22134","浜松市南区","","100,870","40,053","38,259","-1,044","-1.03500","1,794","4.68909","100.49810","46.84","2,131.2"
"2020000000","2020年","22135","浜松市北区","","93,567","33,908","32,017","-775","-0.82828","1,891","5.90624","97.03572","295.54","314.0"
"2020000000","2020年","22136","浜松市浜北区","","95,900","35,350","32,493","2,923","3.04797","2,857","8.79266","98.69911","66.50","1,486.1"
"2020000000","2020年","22137","浜松市天竜区","","30,292","10,605","11,431","-3,559","-11.74898","-826","-7.22596","93.88599","943.84","28.3"
"2020000000","2020年","22203","沼津市","","195,633","83,210","80,798","-6,022","-3.07821","2,412","2.98522","96.45347","186.96","1,014.2"
"2020000000","2020年","22205","熱海市","","37,544","18,466","18,846","-3,311","-8.81899","-380","-2.01634","82.15825","61.78","554.1"
"2020000000","2020年","22206","三島市","","110,046","46,017","45,218","-2,195","-1.99462","799","1.76700","94.63825","62.02","1,739.0"
"2020000000","2020年","22207","富士宮市","","130,770","51,297","49,004","-2,623","-2.00581","2,293","4.67921","97.88903","389.08","329.4"
"2020000000","2020年","22208","伊東市","","68,345","30,776","30,478","-2,816","-4.12027","298","0.97775","88.05854","124.10","528.0"
"2020000000","2020年","22209","島田市","","98,112","35,363","34,310","-2,353","-2.39828","1,053","3.06908","95.35078","315.70","303.3"
"2020000000","2020年","22210","富士市","","248,399","97,214","92,581","-2,910","-1.17150","4,633","5.00427","96.75953","244.95","1,002.2"
"2020000000","2020年","22211","磐田市","","167,210","64,808","61,346","-466","-0.27869","3,462","5.64340","101.50089","163.45","1,020.2"
"2020000000","2020年","22212","焼津市","","139,462","53,158","50,648","-2,571","-1.84351","2,510","4.95577","95.74873","70.31","1,947.0"
"2020000000","2020年","22213","掛川市","","114,602","43,588","41,050","387","0.33769","2,538","6.18270","100.71742","265.69","432.8"
"2020000000","2020年","22214","藤枝市","","143,605","53,886","52,315","-2,220","-1.54591","1,571","3.00296","94.82837","194.06","728.6"
"2020000000","2020年","22215","御殿場市","","88,078","33,362","31,610","-1,389","-1.57701","1,752","5.54255","105.24422","194.90","444.8"
"2020000000","2020年","22216","袋井市","","85,789","33,844","31,453","2,093","2.43971","2,391","7.60182","102.78278","108.33","811.2"
"2020000000","2020年","22219","下田市","","22,916","9,633","10,397","-2,721","-11.87380","-764","-7.34827","92.04070","104.38","193.5"
"2020000000","2020年","22220","裾野市","","52,737","20,708","20,792","-1,792","-3.39799","-84","-0.40400","102.41170","138.12","368.8"
"2020000000","2020年","22221","湖西市","","59,789","22,845","22,546","-1,882","-3.14774","299","1.32618","104.76308","86.56","669.0"
"2020000000","2020年","22222","伊豆市","","31,317","11,488","12,158","-3,053","-9.74870","-670","-5.51077","89.66582","363.97","77.7"
"2020000000","2020年","22223","御前崎市","","32,578","11,463","11,345","-1,461","-4.48462","118","1.04011","103.28608","65.56","474.6"
"2020000000","2020年","22224","菊川市","","46,763","17,715","16,095","1,060","2.26675","1,620","10.06524","102.21997","94.19","507.7"
"2020000000","2020年","22225","伊豆の国市","","48,152","19,062","18,677","-1,332","-2.76624","385","2.06136","92.18455","94.62","494.8"
"2020000000","2020年","22226","牧之原市","","45,547","15,686","15,416","-2,023","-4.44157","270","1.75143","97.00358","111.69","389.7"
"2020000000","2020年","22301","東伊豆町","","12,624","5,564","5,620","-1,137","-9.00665","-56","-0.99644","89.99338","77.81","147.6"
"2020000000","2020年","22302","河津町","","7,303","2,929","2,919","-419","-5.73737","10","0.34258","93.47948","100.69","68.4"
"2020000000","2020年","22304","南伊豆町","","8,524","3,314","3,435","-601","-7.05068","-121","-3.52256","90.04557","109.94","72.1"
"2020000000","2020年","22305","松崎町","","6,837","2,663","2,832","-798","-11.67179","-169","-5.96751","88.65979","85.19","70.9"
"2020000000","2020年","22306","西伊豆町","","8,234","3,399","3,673","-1,145","-13.90576","-274","-7.45984","89.64687","105.54","67.2"
"2020000000","2020年","22325","函南町","","37,661","14,752","14,317","-859","-2.28087","435","3.03835","94.84329","65.16","564.8"
"2020000000","2020年","22341","清水町","","32,118","12,934","12,363","-398","-1.23918","571","4.61862","94.42231","8.81","3,600.5"
"2020000000","2020年","22342","長泉町","","42,331","17,460","16,427","1,034","2.44265","1,033","6.28843","97.76987","26.63","1,628.4"
"2020000000","2020年","22344","小山町","","19,497","6,432","6,431","-912","-4.67764","1","0.01555","112.66735","135.74","136.9"
"2020000000","2020年","22424","吉田町","","29,093","11,149","10,244","-156","-0.53621","905","8.83444","99.29063","20.73","1,395.9"
"2020000000","2020年","22429","川根本町","","7,192","2,632","2,883","-986","-13.70968","-251","-8.70621","96.95335","496.88","12.5"
"2020000000","2020年","22461","森町","","18,528","6,240","6,133","-1,053","-5.68329","107","1.74466","99.32702","133.91","130.5"
"2020000000","2020年","23000","愛知県","","7,483,128","3,226,067","3,063,833","63,064","0.84275","162,234","5.29513","99.42668","5,173.07","1,458.7"
"2020000000","2020年","23100","名古屋市","","2,295,638","1,117,930","1,058,497","37,768","1.64521","59,433","5.61485","96.60496","326.50","7,146.7"
"2020000000","2020年","23101","名古屋市千種区","","164,696","86,100","85,028","724","0.43960","1,072","1.26076","94.24612","18.18","9,099.0"
"2020000000","2020年","23102","名古屋市東区","","78,043","45,581","41,311","6,367","8.15832","4,270","10.33623","91.91069","7.71","10,948.1"
"2020000000","2020年","23103","名古屋市北区","","163,579","78,862","75,428","-297","-0.18156","3,434","4.55269","94.36945","17.53","9,314.4"
"2020000000","2020年","23104","名古屋市西区","","149,098","73,776","70,078","2,100","1.40847","3,698","5.27698","97.87983","17.93","8,432.7"
"2020000000","2020年","23105","名古屋市中村区","","133,206","74,679","66,039","5,454","4.09441","8,640","13.08318","102.25211","16.30","8,506.7"
"2020000000","2020年","23106","名古屋市中区","","83,203","62,719","53,533","10,080","12.11495","9,186","17.15951","97.72144","9.38","9,944.9"
"2020000000","2020年","23107","名古屋市昭和区","","107,170","55,089","55,108","528","0.49268","-19","-0.03448","96.88128","10.94","9,844.4"
"2020000000","2020年","23108","名古屋市瑞穂区","","105,357","51,591","48,629","3,066","2.91011","2,962","6.09102","92.15759","11.22","9,663.4"
"2020000000","2020年","23109","名古屋市熱田区","","65,895","33,611","31,884","1,061","1.61014","1,727","5.41651","99.22637","8.20","8,165.4"
"2020000000","2020年","23110","名古屋市中川区","","220,281","100,419","95,495","457","0.20746","4,924","5.15629","97.42948","32.02","6,893.8"
"2020000000","2020年","23111","名古屋市港区","","146,745","63,461","61,713","-2,981","-2.03142","1,748","2.83247","100.89714","45.69","3,146.5"
"2020000000","2020年","23112","名古屋市南区","","136,935","62,133","61,064","-2,304","-1.68255","1,069","1.75062","103.13995","18.46","7,293.1"
"2020000000","2020年","23113","名古屋市守山区","","172,845","74,794","69,687","3,667","2.12155","5,107","7.32848","95.09478","34.01","5,190.0"
"2020000000","2020年","23114","名古屋市緑区","","241,822","101,323","95,210","7,092","2.93274","6,113","6.42054","96.15127","37.91","6,565.9"
"2020000000","2020年","23115","名古屋市名東区","","164,080","75,913","73,922","597","0.36385","1,991","2.69338","91.73905","19.45","8,466.7"
"2020000000","2020年","23116","名古屋市天白区","","162,683","77,879","74,368","2,157","1.32589","3,511","4.72112","96.42985","21.58","7,638.6"
"2020000000","2020年","23201","豊橋市","","374,765","150,633","144,222","-2,631","-0.70204","6,411","4.44523","100.16136","261.86","1,421.1"
"2020000000","2020年","23202","岡崎市","","381,051","156,116","147,418","3,754","0.98517","8,698","5.90023","101.34946","387.20","993.8"
"2020000000","2020年","23203","一宮市","","380,868","151,666","142,480","-887","-0.23289","9,186","6.44722","94.67736","113.82","3,338.4"
"2020000000","2020年","23204","瀬戸市","","129,046","52,275","50,327","-1,177","-0.91208","1,948","3.87069","95.91977","111.40","1,147.8"
"2020000000","2020年","23205","半田市","","116,908","48,895","46,281","1,017","0.86991","2,614","5.64811","101.40561","47.42","2,486.8"
"2020000000","2020年","23206","春日井市","","306,508","130,683","124,291","2,324","0.75822","6,392","5.14277","97.36322","92.78","3,328.6"
"2020000000","2020年","23207","豊川市","","182,436","71,734","67,976","2,223","1.21851","3,758","5.52842","99.20065","161.14","1,146.0"
"2020000000","2020年","23208","津島市","","63,431","24,131","23,833","-2,473","-3.89872","298","1.25037","94.79133","25.09","2,429.6"
"2020000000","2020年","23209","碧南市","","71,346","28,040","26,477","1,182","1.65672","1,563","5.90324","106.02204","36.68","1,977.3"
"2020000000","2020年","23210","刈谷市","","149,765","67,772","62,476","4,161","2.77835","5,296","8.47686","108.78966","50.39","3,054.7"
"2020000000","2020年","23211","豊田市","","422,542","176,535","169,598","-31","-0.00734","6,937","4.09026","109.41682","918.32","460.1"
"2020000000","2020年","23212","安城市","","184,140","74,777","70,862","4,372","2.37428","3,915","5.52482","104.90658","86.05","2,190.7"
"2020000000","2020年","23213","西尾市","","167,990","61,619","58,951","1,137","0.67683","2,668","4.52579","102.51820","161.22","1,049.0"
"2020000000","2020年","23214","蒲郡市","","81,100","30,783","29,950","-1,599","-1.97164","833","2.78130","97.81781","56.92","1,396.7"
"2020000000","2020年","23215","犬山市","","74,308","29,248","28,269","-1,186","-1.59606","979","3.46316","98.29695","74.90","976.3"
"2020000000","2020年","23216","常滑市","","56,547","24,461","22,506","2,188","3.86935","1,955","8.68657","94.77053","55.90","1,050.7"
"2020000000","2020年","23217","江南市","","98,359","38,637","37,130","-75","-0.07625","1,507","4.05871","95.12408","30.20","3,254.4"
"2020000000","2020年","23219","小牧市","","149,462","62,035","59,383","-429","-0.28703","2,652","4.46592","102.32555","62.81","2,372.8"
"2020000000","2020年","23220","稲沢市","","136,867","51,769","49,986","-2,129","-1.55552","1,783","3.56700","97.16410","79.35","1,698.0"
"2020000000","2020年","23221","新城市","","47,133","16,604","16,454","-2,751","-5.83667","150","0.91163","98.37304","499.23","88.9"
"2020000000","2020年","23222","東海市","","111,944","49,016","46,371","1,894","1.69192","2,645","5.70400","108.24278","43.43","2,621.2"
"2020000000","2020年","23223","大府市","","89,157","38,042","35,669","3,997","4.48310","2,373","6.65284","103.51299","33.66","2,767.5"
"2020000000","2020年","23224","知多市","","84,617","33,903","33,009","-246","-0.29072","894","2.70835","100.66833","45.90","1,838.1"
"2020000000","2020年","23225","知立市","","70,501","31,516","29,312","1,747","2.47798","2,204","7.51910","111.85854","16.31","4,429.7"
"2020000000","2020年","23226","尾張旭市","","80,787","33,779","31,806","2,395","2.96459","1,973","6.20323","94.66885","21.03","3,955.4"
"2020000000","2020年","23227","高浜市","","46,236","18,084","17,684","-172","-0.37200","400","2.26193","106.57429","13.11","3,513.7"
"2020000000","2020年","23228","岩倉市","","47,562","21,364","20,390","441","0.92721","974","4.77685","98.88548","10.47","4,584.8"
"2020000000","2020年","23229","豊明市","","69,127","28,897","27,504","185","0.26762","1,393","5.06472","102.40035","23.22","2,985.0"
"2020000000","2020年","23230","日進市","","87,977","36,445","34,210","3,589","4.07948","2,235","6.53318","97.38306","34.91","2,622.9"
"2020000000","2020年","23231","田原市","","62,364","21,030","21,640","-2,985","-4.78642","-610","-2.81885","103.10234","191.12","310.7"
"2020000000","2020年","23232","愛西市","","63,088","21,628","21,131","-2,249","-3.56486","497","2.35199","94.39243","66.68","912.4"
"2020000000","2020年","23233","清須市","","67,327","28,859","27,056","137","0.20348","1,803","6.66396","98.95016","17.35","3,888.4"
"2020000000","2020年","23234","北名古屋市","","84,133","36,015","33,742","2,314","2.75041","2,273","6.73641","99.31523","18.37","4,705.9"
"2020000000","2020年","23235","弥富市","","43,269","16,974","16,050","-268","-0.61938","924","5.75701","99.56839","49.11","875.6"
"2020000000","2020年","23236","みよし市","","61,810","24,054","22,552","155","0.25077","1,502","6.66016","107.53927","32.19","1,925.0"
"2020000000","2020年","23237","あま市","","86,898","33,910","33,190","-713","-0.82050","720","2.16933","97.67202","27.49","3,135.1"
"2020000000","2020年","23238","長久手市","","57,598","26,425","25,069","2,514","4.36473","1,356","5.40907","94.03486","21.55","2,789.4"
"2020000000","2020年","23302","東郷町","","42,858","16,776","15,766","1,270","2.96327","1,010","6.40619","100.80087","18.03","2,447.5"
"2020000000","2020年","23342","豊山町","","15,177","6,575","6,181","438","2.88595","394","6.37437","103.45277","6.18","2,526.7"
"2020000000","2020年","23361","大口町","","23,274","9,053","8,316","988","4.24508","737","8.86243","101.46143","13.61","1,782.7"
"2020000000","2020年","23362","扶桑町","","33,806","13,468","12,679","330","0.97616","789","6.22289","97.37496","11.19","3,050.6"
"2020000000","2020年","23424","大治町","","30,990","13,439","12,105","1,413","4.55954","1,334","11.02024","101.19839","6.59","4,917.0"
"2020000000","2020年","23425","蟹江町","","37,085","15,952","14,971","266","0.71727","981","6.55267","97.43630","11.09","3,368.0"
"2020000000","2020年","23427","飛島村","","4,397","1,528","1,259","183","4.16193","269","21.36616","97.49892","22.42","204.3"
"2020000000","2020年","23441","阿久比町","","27,747","10,080","9,627","653","2.35341","453","4.70552","96.82584","23.80","1,193.3"
"2020000000","2020年","23442","東浦町","","49,230","19,419","18,524","429","0.87142","895","4.83157","99.31367","31.14","1,594.7"
"2020000000","2020年","23445","南知多町","","18,707","6,526","6,981","-2,086","-11.15091","-455","-6.51769","94.46589","38.37","433.2"
"2020000000","2020年","23446","美浜町","","23,575","9,509","9,314","-1,084","-4.59809","195","2.09362","99.44134","46.20","486.8"
"2020000000","2020年","23447","武豊町","","42,473","18,094","16,724","1,092","2.57105","1,370","8.19182","103.21392","26.38","1,651.4"
"2020000000","2020年","23501","幸田町","","39,549","15,782","13,693","2,930","7.40853","2,089","15.25597","102.56068","56.72","748.9"
"2020000000","2020年","23561","設楽町","","5,074","1,849","2,015","-629","-12.39653","-166","-8.23821","95.12730","273.94","16.2"
"2020000000","2020年","23562","東栄町","","3,446","1,296","1,436","-504","-14.62565","-140","-9.74930","92.66536","123.38","23.8"
"2020000000","2020年","23563","豊根村","","1,135","437","490","-118","-10.39648","-53","-10.81633","90.09346","155.88","6.5"
"2020000000","2020年","24000","三重県","","1,815,865","740,870","720,292","-44,425","-2.44649","20,578","2.85690","95.34831","5,774.49","306.8"
"2020000000","2020年","24201","津市","","279,886","117,175","114,679","-5,127","-1.83182","2,496","2.17651","94.57199","711.19","386.3"
"2020000000","2020年","24202","四日市市","","311,031","132,731","128,309","-5,287","-1.69983","4,422","3.44637","99.78567","206.52","1,480.5"
"2020000000","2020年","24203","伊勢市","","127,817","51,571","50,938","-4,962","-3.88211","633","1.24269","89.91637","208.35","589.7"
"2020000000","2020年","24204","松阪市","","163,863","65,540","63,948","-4,632","-2.82675","1,592","2.48952","92.21975","623.58","255.3"
"2020000000","2020年","24205","桑名市","","140,303","56,169","53,741","-1,632","-1.16320","2,428","4.51797","96.48742","136.68","1,014.6"
"2020000000","2020年","24207","鈴鹿市","","196,403","82,096","77,725","-661","-0.33655","4,371","5.62367","98.95108","194.46","1,006.6"
"2020000000","2020年","24208","名張市","","78,795","31,497","30,595","-2,381","-3.02177","902","2.94819","93.19883","129.77","588.8"
"2020000000","2020年","24209","尾鷲市","","18,009","8,148","8,660","-1,752","-9.72847","-512","-5.91224","86.84059","192.71","84.4"
"2020000000","2020年","24210","亀山市","","50,254","20,525","19,945","-376","-0.74820","580","2.90800","101.82083","191.04","261.1"
"2020000000","2020年","24211","鳥羽市","","19,448","7,383","7,730","-1,911","-9.82620","-347","-4.48900","88.95593","107.34","163.4"
"2020000000","2020年","24212","熊野市","","17,322","7,746","8,151","-1,356","-7.82820","-405","-4.96872","85.97554","373.35","42.8"
"2020000000","2020年","24214","いなべ市","","45,815","17,973","17,106","-815","-1.77889","867","5.06840","105.58271","219.83","204.7"
"2020000000","2020年","24215","志摩市","","50,341","19,556","20,057","-4,237","-8.41660","-501","-2.49788","85.27568","178.95","257.6"
"2020000000","2020年","24216","伊賀市","","90,581","36,360","33,651","-1,718","-1.89664","2,709","8.05028","95.76366","558.23","159.2"
"2020000000","2020年","24303","木曽岬町","","6,357","2,303","2,174","-337","-5.30124","129","5.93376","101.20321","15.74","382.5"
"2020000000","2020年","24324","東員町","","25,344","9,541","8,863","447","1.76373","678","7.64978","95.63832","22.68","1,137.2"
"2020000000","2020年","24341","菰野町","","40,210","15,364","14,423","361","0.89779","941","6.52430","96.03305","107.01","379.1"
"2020000000","2020年","24343","朝日町","","10,560","4,103","3,852","462","4.37500","251","6.51610","99.20477","5.99","1,840.1"
"2020000000","2020年","24344","川越町","","14,752","6,585","6,023","379","2.56914","562","9.33090","106.51017","8.73","1,733.2"
"2020000000","2020年","24441","多気町","","14,878","5,120","5,160","-861","-5.78707","-40","-0.77519","92.77954","103.06","136.0"
"2020000000","2020年","24442","明和町","","22,586","8,053","7,697","-113","-0.50031","356","4.62518","90.48144","41.04","547.6"
"2020000000","2020年","24443","大台町","","9,557","3,634","3,778","-882","-9.22884","-144","-3.81154","89.82495","362.86","23.9"
"2020000000","2020年","24461","玉城町","","15,431","5,387","5,260","-387","-2.50794","127","2.41445","91.35080","40.91","367.7"
"2020000000","2020年","24470","度会町","","8,309","2,668","2,626","-457","-5.50006","42","1.59939","93.78085","134.98","58.2"
"2020000000","2020年","24471","大紀町","","8,939","3,406","3,691","-1,117","-12.49580","-285","-7.72148","87.57794","233.32","33.5"
"2020000000","2020年","24472","南伊勢町","","12,788","4,962","5,432","-1,809","-14.14607","-470","-8.65243","86.46399","241.89","45.4"
"2020000000","2020年","24543","紀北町","","16,338","6,819","7,269","-1,720","-10.52760","-450","-6.19067","85.93233","256.54","57.0"
"2020000000","2020年","24561","御浜町","","8,741","3,717","3,862","-660","-7.55062","-145","-3.75453","87.36378","88.13","91.7"
"2020000000","2020年","24562","紀宝町","","11,207","4,738","4,947","-884","-7.88793","-209","-4.22478","85.73228","79.62","129.7"
"2020000000","2020年","25000","滋賀県","","1,412,916","570,223","537,550","1,332","0.09427","32,673","6.07813","97.35033","4,017.38","352.0"
"2020000000","2020年","25201","大津市","","340,973","146,270","136,153","4,229","1.24027","10,117","7.43061","93.44683","464.51","743.2"
"2020000000","2020年","25202","彦根市","","113,679","48,158","45,546","14","0.01232","2,612","5.73486","98.78831","196.87","577.5"
"2020000000","2020年","25203","長浜市","","118,193","42,527","41,788","-4,474","-3.78533","739","1.76845","95.03156","681.02","167.0"
"2020000000","2020年","25204","近江八幡市","","81,312","31,324","29,784","-142","-0.17464","1,540","5.17056","95.69410","177.45","457.4"
"2020000000","2020年","25206","草津市","","137,247","66,857","60,224","6,711","4.88972","6,633","11.01388","101.83669","67.82","2,122.6"
"2020000000","2020年","25207","守山市","","79,859","31,633","29,052","3,412","4.27253","2,581","8.88407","96.41240","55.74","1,493.9"
"2020000000","2020年","25208","栗東市","","66,749","26,662","24,592","2,130","3.19106","2,070","8.41737","98.57868","52.69","1,307.2"
"2020000000","2020年","25209","甲賀市","","90,901","33,512","32,366","-2,484","-2.73264","1,146","3.54075","99.19571","481.62","183.6"
"2020000000","2020年","25210","野洲市","","49,889","19,610","18,143","652","1.30690","1,467","8.08576","98.77684","80.14","630.7"
"2020000000","2020年","25211","湖南市","","54,289","22,291","21,286","203","0.37392","1,005","4.72141","107.06008","70.40","774.0"
"2020000000","2020年","25212","高島市","","50,025","18,033","18,149","-3,646","-7.28836","-116","-0.63915","96.34647","693.05","66.9"
"2020000000","2020年","25213","東近江市","","114,180","42,615","40,691","-1,308","-1.14556","1,924","4.72832","99.47336","388.37","290.6"
"2020000000","2020年","25214","米原市","","38,719","13,368","13,236","-1,518","-3.92056","132","0.99728","94.19011","250.39","148.6"
"2020000000","2020年","25383","日野町","","21,873","7,914","7,728","-898","-4.10552","186","2.40683","101.29559","117.60","178.4"
"2020000000","2020年","25384","竜王町","","12,434","4,353","4,266","-637","-5.12305","87","2.03938","110.77363","44.55","264.8"
"2020000000","2020年","25425","愛荘町","","20,778","7,815","7,209","117","0.56310","606","8.40616","98.65944","37.97","550.3"
"2020000000","2020年","25441","豊郷町","","7,422","2,601","2,606","-283","-3.81299","-5","-0.19186","94.31138","7.80","915.3"
"2020000000","2020年","25442","甲良町","","7,039","2,189","2,310","-674","-9.57522","-121","-5.23810","92.64528","13.63","467.0"
"2020000000","2020年","25443","多賀町","","7,355","2,491","2,421","-72","-0.97893","70","2.89137","92.72294","135.77","53.6"
"2020000000","2020年","26000","京都府","","2,610,353","1,188,106","1,152,902","-30,432","-1.16582","35,204","3.05351","91.34423","4,612.20","559.4"
"2020000000","2020年","26100","京都市","","1,475,183","727,566","705,874","-10,293","-0.69774","21,692","3.07307","89.61014","827.83","1,769.6"
"2020000000","2020年","26101","京都市北区","","119,474","57,021","56,804","-2,222","-1.85982","217","0.38202","90.59168","94.88","1,235.8"
"2020000000","2020年","26102","京都市上京区","","85,113","47,955","46,849","-1,164","-1.36759","1,106","2.36078","84.99934","7.03","11,941.5"
"2020000000","2020年","26103","京都市左京区","","168,266","85,268","83,423","-2,012","-1.19573","1,845","2.21162","92.61980","246.77","673.7"
"2020000000","2020年","26104","京都市中京区","","109,341","60,597","59,085","1,216","1.11212","1,512","2.55903","84.14504","7.41","14,920.0"
"2020000000","2020年","26105","京都市東山区","","39,044","20,482","21,381","-2,393","-6.12898","-899","-4.20467","78.26362","7.48","4,899.9"
"2020000000","2020年","26106","京都市下京区","","82,668","48,107","47,206","143","0.17298","901","1.90866","85.22636","6.78","12,214.0"
"2020000000","2020年","26107","京都市南区","","99,927","50,389","47,094","2,107","2.10854","3,295","6.99665","98.49042","15.81","6,453.8"
"2020000000","2020年","26108","京都市右京区","","204,262","97,658","94,525","-2,069","-1.01291","3,133","3.31447","88.45641","292.07","692.3"
"2020000000","2020年","26109","京都市伏見区","","280,655","130,849","125,947","-2,524","-0.89932","4,902","3.89211","91.77084","61.66","4,510.7"
"2020000000","2020年","26110","京都市山科区","","135,471","64,265","60,451","-277","-0.20447","3,814","6.30924","88.62875","28.70","4,710.6"
"2020000000","2020年","26111","京都市西京区","","150,962","64,975","63,109","-1,098","-0.72734","1,866","2.95679","90.50912","59.24","2,529.8"
"2020000000","2020年","26201","福知山市","","78,935","33,609","32,170","-1,586","-2.00925","1,439","4.47311","99.12728","552.54","140.0"
"2020000000","2020年","26202","舞鶴市","","83,990","35,250","34,709","-3,607","-4.29456","541","1.55867","100.28155","342.13","234.9"
"2020000000","2020年","26203","綾部市","","33,821","13,703","13,766","-1,943","-5.74495","-63","-0.45765","91.74737","347.10","91.8"
"2020000000","2020年","26204","宇治市","","184,678","73,502","73,317","-4,895","-2.65056","185","0.25233","92.40887","67.54","2,661.9"
"2020000000","2020年","26205","宮津市","","18,426","7,298","7,738","-1,657","-8.99273","-440","-5.68622","89.99547","172.74","97.1"
"2020000000","2020年","26206","亀岡市","","89,479","34,333","33,915","-3,282","-3.66790","418","1.23249","93.53586","224.80","383.4"
"2020000000","2020年","26207","城陽市","","76,869","30,429","29,884","-2,226","-2.89584","545","1.82372","92.48304","32.71","2,282.0"
"2020000000","2020年","26208","向日市","","53,380","23,527","21,356","3,502","6.56051","2,171","10.16576","91.00739","7.72","7,368.1"
"2020000000","2020年","26209","長岡京市","","80,090","33,621","32,491","559","0.69796","1,130","3.47789","92.70047","19.17","4,207.0"
"2020000000","2020年","26210","八幡市","","72,664","30,383","29,259","-2,185","-3.00699","1,124","3.84155","93.31560","24.35","2,894.4"
"2020000000","2020年","26211","京田辺市","","70,835","31,628","29,693","2,938","4.14767","1,935","6.51669","95.86099","42.92","1,718.8"
"2020000000","2020年","26212","京丹後市","","55,054","20,100","20,469","-4,187","-7.60526","-369","-1.80273","91.90749","501.44","101.4"
"2020000000","2020年","26213","南丹市","","33,145","13,273","12,783","-1,495","-4.51048","490","3.83322","94.72130","616.40","51.3"
"2020000000","2020年","26214","木津川市","","72,840","29,858","26,656","5,120","7.02910","3,202","12.01230","91.85903","85.13","915.8"
"2020000000","2020年","26303","大山崎町","","15,181","6,548","5,993","789","5.19729","555","9.26080","93.57576","5.97","2,675.0"
"2020000000","2020年","26322","久御山町","","15,805","6,246","6,216","-525","-3.32173","30","0.48263","94.72410","13.86","1,102.5"
"2020000000","2020年","26343","井手町","","7,910","3,223","3,059","-499","-6.30847","164","5.36123","94.31044","18.04","410.8"
"2020000000","2020年","26344","宇治田原町","","9,319","3,421","3,232","-396","-4.24938","189","5.84777","101.78652","58.16","153.4"
"2020000000","2020年","26364","笠置町","","1,368","523","573","-226","-16.52047","-50","-8.72600","89.70100","23.52","48.6"
"2020000000","2020年","26365","和束町","","3,956","1,376","1,445","-473","-11.95652","-69","-4.77509","86.65595","64.93","53.6"
"2020000000","2020年","26366","精華町","","36,376","13,537","12,775","-156","-0.42885","762","5.96477","90.76210","25.68","1,410.4"
"2020000000","2020年","26367","南山城村","","2,652","1,023","1,068","-262","-9.87934","-45","-4.21348","88.78357","64.11","37.3"
"2020000000","2020年","26407","京丹波町","","14,453","5,212","5,448","-1,540","-10.65523","-236","-4.33186","89.92499","303.09","42.6"
"2020000000","2020年","26463","伊根町","","2,110","850","873","-180","-8.53081","-23","-2.63459","96.13821","61.95","31.2"
"2020000000","2020年","26465","与謝野町","","21,834","8,067","8,140","-1,727","-7.90968","-73","-0.89681","90.37114","108.38","185.5"
"2020000000","2020年","27000","大阪府","","8,839,469","4,127,283","3,923,887","3,054","0.03455","203,396","5.18353","91.95752","1,905.32","4,641.0"
"2020000000","2020年","27100","大阪市","","2,691,185","1,465,136","1,354,793","63,557","2.36167","110,343","8.14464","92.94721","225.32","12,225.9"
"2020000000","2020年","27102","大阪市都島区","","104,727","56,725","51,549","3,259","3.11190","5,176","10.04093","92.05364","6.08","17,760.9"
"2020000000","2020年","27103","大阪市福島区","","72,484","42,373","37,510","6,913","9.53728","4,863","12.96454","90.14968","4.67","17,001.5"
"2020000000","2020年","27104","大阪市此花区","","66,656","32,143","30,712","-1,352","-2.02832","1,431","4.65942","93.75742","19.28","3,387.1"
"2020000000","2020年","27106","大阪市西区","","92,430","63,791","52,138","13,461","14.56345","11,653","22.35030","88.11355","5.21","20,324.6"
"2020000000","2020年","27107","大阪市港区","","82,035","42,581","40,348","-1,034","-1.26044","2,233","5.53435","95.16432","7.86","10,305.5"
"2020000000","2020年","27108","大阪市大正区","","65,141","29,791","29,209","-2,992","-4.59311","582","1.99254","94.42220","9.43","6,590.6"
"2020000000","2020年","27109","大阪市天王寺区","","75,729","42,037","38,058","6,487","8.56607","3,979","10.45509","85.92492","4.84","16,986.8"
"2020000000","2020年","27111","大阪市浪速区","","69,766","53,094","47,541","5,862","8.40237","5,553","11.68044","103.31201","4.39","17,227.3"
"2020000000","2020年","27113","大阪市西淀川区","","95,490","46,183","42,924","467","0.48906","3,259","7.59249","96.38771","14.21","6,752.8"
"2020000000","2020年","27114","大阪市東淀川区","","175,530","99,406","92,536","1,756","1.00040","6,870","7.42414","95.66695","13.27","13,359.9"
"2020000000","2020年","27115","大阪市東成区","","80,563","45,501","39,683","4,461","5.53728","5,818","14.66119","90.24860","4.54","18,727.8"
"2020000000","2020年","27116","大阪市生野区","","130,167","67,378","63,622","-2,688","-2.06504","3,756","5.90362","89.88456","8.37","15,230.5"
"2020000000","2020年","27117","大阪市旭区","","91,608","45,192","43,700","-1,853","-2.02275","1,492","3.41419","90.71245","6.32","14,201.7"
"2020000000","2020年","27118","大阪市城東区","","164,697","82,726","76,455","4,438","2.69465","6,271","8.20221","90.22100","8.38","20,183.2"
"2020000000","2020年","27119","大阪市阿倍野区","","107,626","53,527","50,104","3,515","3.26594","3,423","6.83179","85.35239","5.98","18,585.5"
"2020000000","2020年","27120","大阪市住吉区","","154,239","78,081","71,718","-1,014","-0.65742","6,363","8.87225","86.86659","9.40","16,300.5"
"2020000000","2020年","27121","大阪市東住吉区","","126,299","61,860","57,797","1,661","1.31513","4,063","7.02978","88.65922","9.75","13,124.1"
"2020000000","2020年","27122","大阪市西成区","","111,883","65,747","69,225","-5,664","-5.06243","-3,478","-5.02420","136.56266","7.37","14,412.3"
"2020000000","2020年","27123","大阪市淀川区","","176,201","103,820","94,460","7,385","4.19124","9,360","9.90896","99.02432","12.64","14,524.2"
"2020000000","2020年","27124","大阪市鶴見区","","111,557","48,781","46,358","1,197","1.07299","2,423","5.22671","89.26395","8.17","13,801.0"
"2020000000","2020年","27125","大阪市住之江区","","122,988","59,770","56,920","-2,831","-2.30185","2,850","5.00703","92.10674","20.68","5,810.3"
"2020000000","2020年","27126","大阪市平野区","","196,633","92,413","88,960","-4,422","-2.24886","3,453","3.88152","89.04450","15.28","12,579.3"
"2020000000","2020年","27127","大阪市北区","","123,667","85,213","74,182","15,835","12.80455","11,031","14.87018","94.51463","10.34","13,491.5"
"2020000000","2020年","27128","大阪市中央区","","93,069","67,003","59,084","10,710","11.50759","7,919","13.40295","88.21684","8.87","11,700.0"
"2020000000","2020年","27140","堺市","","839,310","366,110","350,301","-12,863","-1.53257","15,809","4.51298","91.05641","149.83","5,515.9"
"2020000000","2020年","27141","堺市堺区","","148,205","73,843","69,116","596","0.40215","4,727","6.83923","97.91578","23.66","6,289.1"
"2020000000","2020年","27142","堺市中区","","124,543","50,250","48,538","-3,266","-2.62239","1,712","3.52713","91.91221","17.88","6,782.8"
"2020000000","2020年","27143","堺市東区","","85,189","36,927","34,722","-117","-0.13734","2,205","6.35044","90.43270","10.49","8,109.8"
"2020000000","2020年","27144","堺市西区","","135,746","58,064","54,614","-284","-0.20921","3,450","6.31706","91.05526","28.62","4,733.1"
"2020000000","2020年","27145","堺市南区","","147,626","59,728","60,427","-9,107","-6.16897","-699","-1.15677","86.22901","40.39","3,429.5"
"2020000000","2020年","27146","堺市北区","","158,845","72,515","68,538","843","0.53071","3,977","5.80262","88.48914","15.60","10,236.4"
"2020000000","2020年","27147","堺市美原区","","39,156","14,783","14,346","-1,528","-3.90234","437","3.04615","92.83555","13.20","2,850.6"
"2020000000","2020年","27202","岸和田市","","194,911","78,670","75,247","-4,115","-2.11122","3,423","4.54902","90.07751","72.72","2,623.7"
"2020000000","2020年","27203","豊中市","","395,479","176,755","170,325","6,339","1.60287","6,430","3.77514","88.74886","36.39","11,042.0"
"2020000000","2020年","27204","池田市","","103,069","48,620","45,777","1,948","1.89000","2,843","6.21054","90.77004","22.14","4,743.3"
"2020000000","2020年","27205","吹田市","","374,468","179,656","168,473","11,319","3.02269","11,183","6.63786","92.44030","36.09","10,689.6"
"2020000000","2020年","27206","泉大津市","","75,897","32,497","31,090","-1,466","-1.93157","1,407","4.52557","89.80237","14.33","5,194.1"
"2020000000","2020年","27207","高槻市","","351,829","152,686","148,048","1,047","0.29759","4,638","3.13277","90.95745","105.29","3,351.5"
"2020000000","2020年","27208","貝塚市","","88,694","33,213","33,355","-4,231","-4.77033","-142","-0.42572","92.03993","43.93","1,922.7"
"2020000000","2020年","27209","守口市","","143,042","67,745","64,832","21","0.01468","2,913","4.49315","93.52975","12.71","11,255.9"
"2020000000","2020年","27210","枚方市","","404,152","172,375","167,418","-6,556","-1.62216","4,957","2.96085","90.03456","65.12","6,105.6"
"2020000000","2020年","27211","茨木市","","280,033","125,086","116,683","7,981","2.85002","8,403","7.20156","92.78949","76.49","3,765.4"
"2020000000","2020年","27212","八尾市","","268,800","113,886","110,414","-4,146","-1.54241","3,472","3.14453","90.65231","41.72","6,343.6"
"2020000000","2020年","27213","泉佐野市","","100,966","43,767","41,566","-784","-0.77650","2,201","5.29519","91.33308","56.51","1,772.8"
"2020000000","2020年","27214","富田林市","","113,984","45,416","45,613","-5,216","-4.57608","-197","-0.43189","88.07906","39.72","2,738.4"
"2020000000","2020年","27215","寝屋川市","","237,518","101,439","101,549","-7,769","-3.27091","-110","-0.10832","93.09559","24.70","9,301.6"
"2020000000","2020年","27216","河内長野市","","106,987","42,267","42,144","-5,223","-4.88190","123","0.29186","87.17972","109.63","928.2"
"2020000000","2020年","27217","松原市","","120,750","51,742","49,958","-3,139","-2.59959","1,784","3.57100","92.50827","16.66","7,059.5"
"2020000000","2020年","27218","大東市","","123,217","52,411","51,949","-4,033","-3.27309","462","0.88933","94.27528","18.27","6,523.5"
"2020000000","2020年","27219","和泉市","","186,109","73,670","71,013","-1,475","-0.79255","2,657","3.74157","92.59792","84.98","2,172.7"
"2020000000","2020年","27220","箕面市","","133,411","58,090","56,829","3,543","2.65570","1,261","2.21894","90.33814","47.90","2,859.2"
"2020000000","2020年","27221","柏原市","","71,112","29,685","29,009","-2,323","-3.26668","676","2.33031","91.99252","25.33","2,715.7"
"2020000000","2020年","27222","羽曳野市","","112,683","44,933","44,126","-3,811","-3.38205","807","1.82885","88.44463","26.45","4,116.1"
"2020000000","2020年","27223","門真市","","123,576","57,371","55,825","-3,769","-3.04994","1,546","2.76937","96.39848","12.30","9,740.4"
"2020000000","2020年","27224","摂津市","","85,007","40,195","36,873","2,490","2.92917","3,322","9.00930","97.39876","14.87","5,884.1"
"2020000000","2020年","27225","高石市","","56,529","23,086","22,461","-930","-1.64517","625","2.78260","89.77711","11.30","4,920.3"
"2020000000","2020年","27226","藤井寺市","","65,438","27,818","27,133","-1,724","-2.63455","685","2.52460","88.72630","8.89","7,166.9"
"2020000000","2020年","27227","東大阪市","","502,784","231,335","223,485","-8,710","-1.73235","7,850","3.51254","94.68441","61.78","7,997.3"
"2020000000","2020年","27228","泉南市","","62,438","23,012","22,800","-2,299","-3.68205","212","0.92982","91.48279","48.98","1,227.8"
"2020000000","2020年","27229","四條畷市","","56,075","22,381","22,089","-877","-1.56398","292","1.32192","94.01076","18.69","2,953.3"
"2020000000","2020年","27230","交野市","","76,435","29,663","28,923","-1,358","-1.77667","740","2.55852","91.23513","25.55","2,938.4"
"2020000000","2020年","27231","大阪狭山市","","57,792","24,161","22,982","694","1.20086","1,179","5.13010","88.30613","11.92","4,906.5"
"2020000000","2020年","27232","阪南市","","54,276","20,948","20,710","-3,014","-5.55310","238","1.14920","89.66257","36.17","1,417.3"
"2020000000","2020年","27301","島本町","","29,983","12,718","12,012","916","3.05506","706","5.87746","89.52953","16.81","1,838.1"
"2020000000","2020年","27321","豊能町","","19,934","7,579","7,760","-1,650","-8.27732","-181","-2.33247","90.35919","34.34","532.4"
"2020000000","2020年","27322","能勢町","","10,256","3,595","3,717","-1,194","-11.64197","-122","-3.28222","91.50465","98.75","91.8"
"2020000000","2020年","27341","忠岡町","","17,298","6,719","6,726","-727","-4.20280","-7","-0.10407","92.28359","3.97","4,174.1"
"2020000000","2020年","27361","熊取町","","44,435","17,339","16,483","-639","-1.43806","856","5.19323","94.72678","17.24","2,540.4"
"2020000000","2020年","27362","田尻町","","8,417","3,732","3,772","21","0.24950","-40","-1.06045","97.98217","5.62","1,501.4"
"2020000000","2020年","27366","岬町","","15,938","6,374","6,407","-1,151","-7.22173","-33","-0.51506","86.00000","49.18","300.7"
"2020000000","2020年","27381","太子町","","13,748","5,048","5,066","-747","-5.43352","-18","-0.35531","94.53838","14.17","917.5"
"2020000000","2020年","27382","河南町","","16,126","6,408","6,115","-408","-2.53008","293","4.79150","94.45750","25.26","622.2"
"2020000000","2020年","27383","千早赤阪村","","5,378","1,946","2,036","-475","-8.83228","-90","-4.42043","89.45131","37.30","131.4"
"2020000000","2020年","28000","兵庫県","","5,534,800","2,398,865","2,315,200","-65,616","-1.18552","83,665","3.61373","90.65943","8,401.02","651.0"
"2020000000","2020年","28100","神戸市","","1,537,272","734,314","705,459","-10,250","-0.66677","28,855","4.09024","88.52822","557.02","2,741.4"
"2020000000","2020年","28101","神戸市東灘区","","213,634","102,205","97,265","139","0.06506","4,940","5.07891","87.02800","34.02","6,283.7"
"2020000000","2020年","28102","神戸市灘区","","136,088","69,936","67,407","766","0.56287","2,529","3.75184","86.76511","32.66","4,190.3"
"2020000000","2020年","28105","神戸市兵庫区","","106,956","61,105","57,875","2,314","2.16351","3,230","5.58099","93.96812","14.67","7,448.5"
"2020000000","2020年","28106","神戸市長田区","","97,912","49,499","48,780","-2,979","-3.04253","719","1.47396","88.97780","11.36","8,356.8"
"2020000000","2020年","28107","神戸市須磨区","","162,468","74,205","73,278","-3,580","-2.20351","927","1.26505","85.22733","28.93","5,492.2"
"2020000000","2020年","28108","神戸市垂水区","","219,474","97,662","95,473","-3,912","-1.78244","2,189","2.29279","87.09218","28.11","7,668.5"
"2020000000","2020年","28109","神戸市北区","","219,805","88,411","87,126","-9,058","-4.12093","1,285","1.47488","89.53261","240.29","877.1"
"2020000000","2020年","28110","神戸市中央区","","135,153","91,125","81,022","12,562","9.29465","10,103","12.46945","86.02264","28.97","5,098.9"
"2020000000","2020年","28111","神戸市西区","","245,782","100,166","97,233","-6,502","-2.64543","2,933","3.01647","92.61358","138.01","1,733.8"
"2020000000","2020年","28201","姫路市","","535,664","223,611","212,801","-4,941","-0.92241","10,810","5.07986","93.65353","534.56","992.8"
"2020000000","2020年","28202","尼崎市","","452,563","221,152","210,433","7,154","1.58077","10,719","5.09378","93.58543","50.72","9,063.8"
"2020000000","2020年","28203","明石市","","293,409","133,661","121,890","10,429","3.55442","11,771","9.65707","93.45346","49.42","6,148.1"
"2020000000","2020年","28204","西宮市","","487,850","215,188","210,965","-2,145","-0.43968","4,223","2.00175","87.07800","99.96","4,859.0"
"2020000000","2020年","28205","洲本市","","44,258","17,790","18,081","-2,929","-6.61801","-291","-1.60942","90.64951","182.38","226.6"
"2020000000","2020年","28206","芦屋市","","95,350","42,505","41,881","-1,312","-1.37598","624","1.48994","80.82840","18.47","5,091.4"
"2020000000","2020年","28207","伊丹市","","196,883","82,546","78,903","1,361","0.69127","3,643","4.61706","93.20709","25.00","7,929.8"
"2020000000","2020年","28208","相生市","","30,129","11,747","12,153","-1,755","-5.82495","-406","-3.34074","91.97564","90.40","313.9"
"2020000000","2020年","28209","豊岡市","","82,250","30,168","30,189","-4,731","-5.75198","-21","-0.06956","92.77579","697.55","111.1"
"2020000000","2020年","28210","加古川市","","267,435","106,977","103,495","-6,447","-2.41068","3,482","3.36441","95.57867","138.48","1,884.7"
"2020000000","2020年","28212","赤穂市","","48,567","18,880","18,729","-2,646","-5.44814","151","0.80624","92.84814","126.85","362.0"
"2020000000","2020年","28213","西脇市","","40,866","15,164","15,049","-2,152","-5.26599","115","0.76417","91.94804","132.44","292.3"
"2020000000","2020年","28214","宝塚市","","224,903","95,518","94,140","1,755","0.78034","1,378","1.46378","84.33924","101.80","2,226.5"
"2020000000","2020年","28215","三木市","","77,178","29,944","28,653","-1,805","-2.33875","1,291","4.50564","92.73532","176.51","427.0"
"2020000000","2020年","28216","高砂市","","91,030","36,715","36,340","-3,272","-3.59442","375","1.03192","93.48708","34.38","2,552.6"
"2020000000","2020年","28217","川西市","","156,375","63,344","62,675","-3,902","-2.49528","669","1.06741","87.82321","53.44","2,853.2"
"2020000000","2020年","28218","小野市","","48,580","17,570","16,860","-989","-2.03582","710","4.21115","95.42151","92.94","512.1"
"2020000000","2020年","28219","三田市","","112,691","42,335","41,070","-3,367","-2.98782","1,265","3.08011","91.84698","210.32","519.8"
"2020000000","2020年","28220","加西市","","44,313","16,143","15,364","-1,563","-3.52718","779","5.07029","97.33198","150.98","283.2"
"2020000000","2020年","28221","丹波篠山市","","41,490","15,591","15,578","-1,853","-4.46614","13","0.08345","90.37030","377.59","105.0"
"2020000000","2020年","28222","養父市","","24,288","8,385","8,713","-2,151","-8.85623","-328","-3.76449","92.34512","422.91","52.3"
"2020000000","2020年","28223","丹波市","","64,660","22,997","22,553","-3,149","-4.87009","444","1.96870","91.99388","493.21","124.7"
"2020000000","2020年","28224","南あわじ市","","46,912","17,025","16,968","-2,732","-5.82367","57","0.33593","91.60378","229.01","192.9"
"2020000000","2020年","28225","朝来市","","30,805","11,384","11,500","-1,803","-5.85295","-116","-1.00870","91.85023","403.06","72.0"
"2020000000","2020年","28226","淡路市","","43,977","17,444","17,451","-1,949","-4.43186","-7","-0.04011","89.75980","184.32","228.0"
"2020000000","2020年","28227","宍粟市","","37,773","12,896","12,723","-2,921","-7.73304","173","1.35974","91.32631","658.54","52.9"
"2020000000","2020年","28228","加東市","","40,310","16,598","15,086","373","0.92533","1,512","10.02254","96.34653","157.55","258.2"
"2020000000","2020年","28229","たつの市","","77,419","27,775","27,297","-3,064","-3.95768","478","1.75111","93.50683","210.87","352.6"
"2020000000","2020年","28301","猪名川町","","30,838","10,911","10,780","-1,135","-3.68052","131","1.21521","88.87829","90.33","328.8"
"2020000000","2020年","28365","多可町","","21,200","6,528","6,665","-1,916","-9.03774","-137","-2.05551","93.49789","185.19","104.1"
"2020000000","2020年","28381","稲美町","","31,020","11,296","11,026","-752","-2.42424","270","2.44876","95.26482","34.92","866.8"
"2020000000","2020年","28382","播磨町","","33,739","13,781","13,258","-178","-0.52758","523","3.94479","94.34246","9.13","3,675.9"
"2020000000","2020年","28442","市川町","","12,300","4,317","4,334","-1,061","-8.62602","-17","-0.39225","95.18930","82.67","136.0"
"2020000000","2020年","28443","福崎町","","19,738","7,771","6,906","-362","-1.83403","865","12.52534","95.28321","45.79","423.1"
"2020000000","2020年","28446","神河町","","11,452","3,777","3,798","-819","-7.15159","-21","-0.55292","87.53086","202.23","52.6"
"2020000000","2020年","28464","太子町","","33,690","12,740","12,092","-192","-0.56990","648","5.35891","94.21382","22.61","1,481.6"
"2020000000","2020年","28481","上郡町","","15,224","5,596","5,715","-1,328","-8.72307","-119","-2.08224","93.69947","150.26","92.5"
"2020000000","2020年","28501","佐用町","","17,510","5,953","6,108","-1,625","-9.28041","-155","-2.53766","91.04029","307.44","51.7"
"2020000000","2020年","28585","香美町","","18,070","5,905","6,228","-2,001","-11.07360","-323","-5.18626","90.50385","368.77","43.6"
"2020000000","2020年","28586","新温泉町","","14,819","4,923","5,291","-1,491","-10.06141","-368","-6.95521","89.61445","241.01","55.3"
"2020000000","2020年","29000","奈良県","","1,364,316","544,225","530,221","-38,879","-2.84971","14,004","2.64116","89.00335","3,690.94","359.1"
"2020000000","2020年","29201","奈良市","","360,310","154,690","148,920","-5,477","-1.52008","5,770","3.87456","86.79550","276.94","1,281.3"
"2020000000","2020年","29202","大和高田市","","64,817","26,056","25,619","-3,038","-4.68704","437","1.70577","88.29320","16.48","3,748.7"
"2020000000","2020年","29203","大和郡山市","","87,050","34,166","34,138","-3,774","-4.33544","28","0.08202","89.04452","42.69","1,950.7"
"2020000000","2020年","29204","天理市","","67,398","25,541","25,810","-3,457","-5.12923","-269","-1.04223","95.86767","86.42","739.9"
"2020000000","2020年","29205","橿原市","","124,111","51,280","49,923","-3,139","-2.52919","1,357","2.71819","90.11787","39.56","3,057.9"
"2020000000","2020年","29206","桜井市","","57,244","22,030","21,672","-2,374","-4.14716","358","1.65190","89.44861","98.91","554.7"
"2020000000","2020年","29207","五條市","","30,997","10,979","11,199","-3,050","-9.83966","-220","-1.96446","89.22744","292.02","95.7"
"2020000000","2020年","29208","御所市","","26,868","10,099","10,415","-2,755","-10.25383","-316","-3.03409","85.65599","60.58","398.0"
"2020000000","2020年","29209","生駒市","","118,233","47,638","45,593","-1,282","-1.08430","2,045","4.48534","89.48946","53.15","2,200.4"
"2020000000","2020年","29210","香芝市","","77,561","29,565","27,802","587","0.75682","1,763","6.34127","89.56918","24.26","3,221.3"
"2020000000","2020年","29211","葛城市","","36,635","13,269","12,544","210","0.57322","725","5.77966","90.77823","33.72","1,092.7"
"2020000000","2020年","29212","宇陀市","","31,105","10,761","11,155","-2,961","-9.51937","-394","-3.53205","90.58712","247.50","113.7"
"2020000000","2020年","29322","山添村","","3,674","1,112","1,144","-447","-12.16658","-32","-2.79720","91.28631","66.52","48.5"
"2020000000","2020年","29342","平群町","","18,883","7,185","7,158","-858","-4.54377","27","0.37720","88.28998","23.90","754.2"
"2020000000","2020年","29343","三郷町","","23,571","9,501","9,155","-338","-1.43397","346","3.77936","88.09100","8.79","2,643.1"
"2020000000","2020年","29344","斑鳩町","","27,303","10,897","10,330","308","1.12808","567","5.48887","88.85773","14.27","1,934.9"
"2020000000","2020年","29345","安堵町","","7,443","3,066","2,875","-218","-2.92893","191","6.64348","88.10206","4.31","1,676.3"
"2020000000","2020年","29361","川西町","","8,485","3,206","3,248","-320","-3.77136","-42","-1.29310","93.25444","5.93","1,376.9"
"2020000000","2020年","29362","三宅町","","6,836","2,629","2,629","-393","-5.74898","0","0.00000","89.89095","4.06","1,586.9"
"2020000000","2020年","29363","田原本町","","31,691","11,898","11,463","-478","-1.50831","435","3.79482","91.13901","21.09","1,480.0"
"2020000000","2020年","29385","曽爾村","","1,549","590","622","-255","-16.46223","-32","-5.14469","84.85714","47.76","27.1"
"2020000000","2020年","29386","御杖村","","1,759","703","748","-279","-15.86128","-45","-6.01604","88.53503","79.58","18.6"
"2020000000","2020年","29401","高取町","","7,195","2,322","2,396","-459","-6.37943","-74","-3.08848","87.31924","25.79","261.2"
"2020000000","2020年","29402","明日香村","","5,523","1,801","1,779","-286","-5.17835","22","1.23665","89.40325","24.10","217.3"
"2020000000","2020年","29424","上牧町","","22,054","8,650","8,085","-339","-1.53714","565","6.98825","87.16601","6.14","3,536.6"
"2020000000","2020年","29425","王寺町","","23,025","10,026","9,347","1,029","4.46906","679","7.26436","89.74521","7.01","3,431.4"
"2020000000","2020年","29426","広陵町","","33,487","11,915","11,012","355","1.06011","903","8.20015","90.41242","16.30","2,076.2"
"2020000000","2020年","29427","河合町","","17,941","6,785","6,712","-909","-5.06661","73","1.08760","86.83633","8.23","2,069.5"
"2020000000","2020年","29441","吉野町","","7,399","2,651","2,946","-1,167","-15.77240","-295","-10.01358","83.72642","95.65","65.2"
"2020000000","2020年","29442","大淀町","","18,069","6,492","6,509","-1,341","-7.42155","-17","-0.26118","90.30717","38.10","439.1"
"2020000000","2020年","29443","下市町","","5,664","2,141","2,232","-622","-10.98164","-91","-4.07706","87.71407","61.99","81.3"
"2020000000","2020年","29444","黒滝村","","660","306","311","-34","-5.15152","-5","-1.60772","89.69697","47.70","13.1"
"2020000000","2020年","29446","天川村","","1,354","561","628","-175","-12.92467","-67","-10.66879","92.96236","175.66","6.7"
"2020000000","2020年","29447","野迫川村","","449","204","227","-91","-20.26726","-23","-10.13216","96.70330","154.90","2.3"
"2020000000","2020年","29449","十津川村","","3,508","1,410","1,578","-445","-12.68529","-168","-10.64639","118.94210","672.38","4.6"
"2020000000","2020年","29450","下北山村","","895","447","517","-144","-16.08939","-70","-13.53965","91.58163","133.39","5.6"
"2020000000","2020年","29451","上北山村","","512","268","270","-66","-12.89063","-2","-0.74074","103.65297","274.22","1.6"
"2020000000","2020年","29452","川上村","","1,313","621","680","-154","-11.72887","-59","-8.67647","91.57025","269.26","4.3"
"2020000000","2020年","29453","東吉野村","","1,745","764","830","-243","-13.92550","-66","-7.95181","87.98498","131.65","11.4"
"2020000000","2020年","30000","和歌山県","","963,579","394,455","392,332","-40,546","-4.20785","2,123","0.54112","89.16820","4,724.65","195.4"
"2020000000","2020年","30201","和歌山市","","364,154","157,786","153,089","-7,296","-2.00355","4,697","3.06815","88.90971","208.85","1,708.7"
"2020000000","2020年","30202","海南市","","51,860","20,085","20,678","-3,460","-6.67181","-593","-2.86778","87.19783","101.06","478.9"
"2020000000","2020年","30203","橋本市","","63,621","24,018","23,653","-2,758","-4.33505","365","1.54314","88.83959","130.55","466.2"
"2020000000","2020年","30204","有田市","","28,470","10,270","10,576","-1,917","-6.73340","-306","-2.89334","90.01717","36.83","721.0"
"2020000000","2020年","30205","御坊市","","24,801","10,107","9,913","-1,313","-5.29414","194","1.95703","94.30841","43.91","534.9"
"2020000000","2020年","30206","田辺市","","74,770","31,214","32,163","-4,864","-6.50528","-949","-2.95060","88.38525","1,026.91","68.1"
"2020000000","2020年","30207","新宮市","","29,331","13,158","13,617","-2,144","-7.30967","-459","-3.37079","86.54453","255.23","106.5"
"2020000000","2020年","30208","紀の川市","","62,616","23,311","23,457","-3,760","-6.00485","-146","-0.62242","89.67451","228.21","257.9"
"2020000000","2020年","30209","岩出市","","53,452","21,950","20,774","541","1.01212","1,176","5.66092","92.68763","38.51","1,402.1"
"2020000000","2020年","30304","紀美野町","","9,206","3,474","3,762","-942","-10.23246","-288","-7.65550","84.95971","128.34","64.4"
"2020000000","2020年","30341","かつらぎ町","","16,992","6,224","6,315","-1,002","-5.89689","-91","-1.44101","86.84272","151.69","105.4"
"2020000000","2020年","30343","九度山町","","4,377","1,527","1,649","-518","-11.83459","-122","-7.39842","85.70741","44.15","87.4"
"2020000000","2020年","30344","高野町","","3,352","1,416","1,468","-383","-11.42601","-52","-3.54223","101.56144","137.03","21.7"
"2020000000","2020年","30361","湯浅町","","12,200","4,609","4,755","-1,083","-8.87705","-146","-3.07045","87.53374","20.79","534.7"
"2020000000","2020年","30362","広川町","","7,224","2,480","2,503","-439","-6.07697","-23","-0.91890","88.94458","65.33","103.9"
"2020000000","2020年","30366","有田川町","","26,361","9,505","9,426","-1,087","-4.12352","79","0.83811","89.64508","351.84","71.8"
"2020000000","2020年","30381","美浜町","","7,480","2,859","2,964","-614","-8.20856","-105","-3.54251","88.16114","12.77","537.7"
"2020000000","2020年","30382","日高町","","7,641","2,893","2,782","32","0.41879","111","3.98994","91.06076","46.19","166.1"
"2020000000","2020年","30383","由良町","","5,837","2,260","2,223","-464","-7.94929","37","1.66442","100.03723","30.94","173.7"
"2020000000","2020年","30390","印南町","","8,068","2,973","2,918","-346","-4.28855","55","1.88485","90.10340","113.62","68.0"
"2020000000","2020年","30391","みなべ町","","12,742","4,279","4,421","-919","-7.21237","-142","-3.21194","90.14152","120.28","98.3"
"2020000000","2020年","30392","日高川町","","9,776","3,579","3,650","-553","-5.65671","-71","-1.94521","93.19229","331.59","27.8"
"2020000000","2020年","30401","白浜町","","21,533","9,381","9,538","-1,263","-5.86542","-157","-1.64605","87.18257","200.98","100.9"
"2020000000","2020年","30404","上富田町","","14,989","6,363","6,017","251","1.67456","346","5.75037","90.73842","57.37","265.6"
"2020000000","2020年","30406","すさみ町","","4,127","1,776","1,927","-440","-10.66150","-151","-7.83601","90.14956","174.45","21.1"
"2020000000","2020年","30421","那智勝浦町","","15,682","6,774","7,296","-1,538","-9.80742","-522","-7.15461","85.81188","183.31","77.2"
"2020000000","2020年","30422","太地町","","3,087","1,320","1,384","-290","-9.39423","-64","-4.62428","78.60792","5.81","481.4"
"2020000000","2020年","30424","古座川町","","2,826","1,242","1,378","-346","-12.24345","-136","-9.86938","83.56773","294.23","8.4"
"2020000000","2020年","30427","北山村","","446","223","239","-42","-9.41704","-16","-6.69456","82.80543","48.20","8.4"
"2020000000","2020年","30428","串本町","","16,558","7,399","7,797","-1,589","-9.59657","-398","-5.10453","91.34603","135.67","110.3"
"2020000000","2020年","31000","鳥取県","","573,441","218,964","216,894","-19,594","-3.41692","2,070","0.95438","91.41075","3,507.14","157.9"
"2020000000","2020年","31201","鳥取市","","193,717","76,717","75,941","-5,103","-2.63426","776","1.02185","93.98346","765.31","246.5"
"2020000000","2020年","31202","米子市","","149,313","61,755","60,037","-1,892","-1.26714","1,718","2.86157","89.81652","132.42","1,113.3"
"2020000000","2020年","31203","倉吉市","","49,044","18,240","18,548","-2,518","-5.13417","-308","-1.66056","88.46356","272.06","171.0"
"2020000000","2020年","31204","境港市","","34,174","13,130","13,094","-1,414","-4.13765","36","0.27494","92.92150","29.11","1,125.4"
"2020000000","2020年","31302","岩美町","","11,485","3,921","3,993","-674","-5.86852","-72","-1.80316","91.99077","122.32","88.4"
"2020000000","2020年","31325","若桜町","","3,269","1,182","1,271","-401","-12.26675","-89","-7.00236","89.68254","199.18","14.4"
"2020000000","2020年","31328","智頭町","","7,154","2,400","2,487","-718","-10.03634","-87","-3.49819","87.74796","224.70","28.6"
"2020000000","2020年","31329","八頭町","","16,985","5,327","5,359","-1,040","-6.12305","-32","-0.59713","91.37062","206.71","77.1"
"2020000000","2020年","31364","三朝町","","6,490","2,227","2,290","-422","-6.50231","-63","-2.75109","90.10025","233.52","26.0"
"2020000000","2020年","31370","湯梨浜町","","16,550","5,681","5,482","-488","-2.94864","199","3.63006","91.10054","77.94","206.1"
"2020000000","2020年","31371","琴浦町","","17,416","5,768","5,795","-1,043","-5.98875","-27","-0.46592","88.30362","139.97","117.0"
"2020000000","2020年","31372","北栄町","","14,820","4,985","4,813","-582","-3.92713","172","3.57365","91.86094","56.94","250.1"
"2020000000","2020年","31384","日吉津村","","3,439","1,240","1,144","65","1.89008","96","8.39161","86.88000","4.20","834.3"
"2020000000","2020年","31386","大山町","","16,470","5,247","5,300","-1,065","-6.46630","-53","-1.00000","92.41819","189.83","81.2"
"2020000000","2020年","31389","南部町","","10,950","3,547","3,514","-631","-5.76256","33","0.93910","91.23425","114.03","90.5"
"2020000000","2020年","31390","伯耆町","","11,118","3,641","3,604","-408","-3.66972","37","1.02664","89.35644","139.44","76.8"
"2020000000","2020年","31401","日南町","","4,765","1,790","1,933","-566","-11.87828","-143","-7.39783","89.57111","340.96","12.3"
"2020000000","2020年","31402","日野町","","3,278","1,215","1,279","-369","-11.25686","-64","-5.00391","83.41740","133.98","21.7"
"2020000000","2020年","31403","江府町","","3,004","951","1,010","-325","-10.81891","-59","-5.84158","86.68990","124.52","21.5"
"2020000000","2020年","32000","島根県","","694,352","269,317","265,008","-22,750","-3.27644","4,309","1.62599","93.42930","6,707.89","100.1"
"2020000000","2020年","32201","松江市","","206,230","85,388","83,031","-2,451","-1.18848","2,357","2.83870","93.70259","572.99","355.6"
"2020000000","2020年","32202","浜田市","","58,105","24,364","24,498","-3,483","-5.99432","-134","-0.54698","99.89021","690.68","79.1"
"2020000000","2020年","32203","出雲市","","171,938","64,145","60,130","949","0.55194","4,015","6.67720","93.43784","624.36","276.9"
"2020000000","2020年","32204","益田市","","47,718","18,857","19,037","-2,679","-5.61423","-180","-0.94553","90.25472","733.19","61.4"
"2020000000","2020年","32205","大田市","","35,166","13,351","13,613","-2,300","-6.54041","-262","-1.92463","91.90704","435.34","75.5"
"2020000000","2020年","32206","安来市","","39,528","12,841","12,805","-2,415","-6.10959","36","0.28114","91.76872","420.93","88.2"
"2020000000","2020年","32207","江津市","","24,468","9,950","10,123","-1,489","-6.08550","-173","-1.70898","90.14481","268.24","85.7"
"2020000000","2020年","32209","雲南市","","39,032","12,370","12,527","-3,008","-7.70650","-157","-1.25329","92.57992","553.18","65.1"
"2020000000","2020年","32343","奥出雲町","","13,063","4,347","4,464","-1,204","-9.21687","-117","-2.62097","92.70393","368.01","32.2"
"2020000000","2020年","32386","飯南町","","5,031","1,757","1,842","-454","-9.02405","-85","-4.61455","89.21042","242.88","18.8"
"2020000000","2020年","32441","川本町","","3,442","1,408","1,457","-191","-5.54910","-49","-3.36307","91.79941","106.43","30.5"
"2020000000","2020年","32448","美郷町","","4,900","1,847","2,010","-545","-11.12245","-163","-8.10945","91.51275","282.92","15.4"
"2020000000","2020年","32449","邑南町","","11,101","3,980","4,224","-935","-8.42266","-244","-5.77652","92.24660","419.29","24.2"
"2020000000","2020年","32501","津和野町","","7,653","3,089","3,300","-774","-10.11368","-211","-6.39394","88.00219","307.03","22.4"
"2020000000","2020年","32505","吉賀町","","6,374","2,821","2,810","-295","-4.62818","11","0.39146","93.78387","336.50","18.1"
"2020000000","2020年","32525","海士町","","2,353","1,066","1,057","-86","-3.65491","9","0.85147","96.10727","33.44","67.8"
"2020000000","2020年","32526","西ノ島町","","3,027","1,427","1,499","-239","-7.89561","-72","-4.80320","105.30191","55.96","49.8"
"2020000000","2020年","32527","知夫村","","615","348","331","19","3.08943","17","5.13595","103.85852","13.70","46.3"
"2020000000","2020年","32528","隠岐の島町","","14,608","5,961","6,250","-1,170","-8.00931","-289","-4.62400","94.47178","242.82","55.4"
"2020000000","2020年","33000","岡山県","","1,921,525","798,357","772,977","-31,918","-1.66108","25,380","3.28341","92.54669","7,114.33","265.6"
"2020000000","2020年","33100","岡山市","","719,474","325,945","309,409","5,634","0.78307","16,536","5.34438","92.63577","789.95","917.9"
"2020000000","2020年","33101","岡山市北区","","309,484","154,500","146,147","5,201","1.68054","8,353","5.71548","95.22976","450.70","698.2"
"2020000000","2020年","33102","岡山市中区","","146,232","65,216","61,528","3,096","2.11718","3,688","5.99402","88.60737","51.24","2,914.3"
"2020000000","2020年","33103","岡山市東区","","95,577","37,220","36,198","-2,398","-2.50897","1,022","2.82336","90.48777","160.53","580.4"
"2020000000","2020年","33104","岡山市南区","","168,181","69,009","65,536","-265","-0.15757","3,473","5.29938","92.70344","127.48","1,317.2"
"2020000000","2020年","33202","倉敷市","","477,118","198,937","189,847","-2,325","-0.48730","9,090","4.78807","92.62864","355.63","1,335.1"
"2020000000","2020年","33203","津山市","","103,746","41,137","40,303","-3,752","-3.61652","834","2.06932","92.39605","506.33","197.5"
"2020000000","2020年","33204","玉野市","","60,736","24,084","24,764","-4,154","-6.83944","-680","-2.74592","94.22628","103.58","546.3"
"2020000000","2020年","33205","笠岡市","","50,568","18,473","19,189","-4,434","-8.76839","-716","-3.73130","90.19624","136.24","338.6"
"2020000000","2020年","33207","井原市","","41,390","14,697","14,914","-2,984","-7.20947","-217","-1.45501","91.51292","243.54","157.7"
"2020000000","2020年","33208","総社市","","66,855","26,460","24,863","2,251","3.36699","1,597","6.42320","93.73703","211.90","326.1"
"2020000000","2020年","33209","高梁市","","32,075","12,889","13,481","-2,974","-9.27202","-592","-4.39137","95.58438","546.99","53.2"
"2020000000","2020年","33210","新見市","","30,658","11,321","11,648","-2,545","-8.30126","-327","-2.80735","91.32299","793.29","35.4"
"2020000000","2020年","33211","備前市","","35,179","13,475","13,878","-2,834","-8.05594","-403","-2.90388","92.23226","258.14","125.3"
"2020000000","2020年","33212","瀬戸内市","","36,975","13,887","13,839","-921","-2.49087","48","0.34685","92.43168","125.46","287.4"
"2020000000","2020年","33213","赤磐市","","43,214","16,382","15,730","-528","-1.22183","652","4.14495","92.12350","209.36","203.9"
"2020000000","2020年","33214","真庭市","","46,124","15,821","16,084","-3,358","-7.28037","-263","-1.63517","91.18423","828.53","51.6"
"2020000000","2020年","33215","美作市","","27,977","10,749","10,881","-2,014","-7.19877","-132","-1.21312","92.10507","429.29","60.5"
"2020000000","2020年","33216","浅口市","","34,235","12,603","12,463","-1,425","-4.16241","140","1.12333","92.53565","66.46","493.7"
"2020000000","2020年","33346","和気町","","14,412","5,221","5,236","-778","-5.39828","-15","-0.28648","90.36582","144.21","94.5"
"2020000000","2020年","33423","早島町","","12,154","4,507","4,349","222","1.82656","158","3.63302","92.08443","7.62","1,624.1"
"2020000000","2020年","33445","里庄町","","10,929","4,129","4,027","31","0.28365","102","2.53290","90.31082","12.23","896.2"
"2020000000","2020年","33461","矢掛町","","14,201","4,993","4,955","-778","-5.47849","38","0.76690","91.42898","90.62","148.1"
"2020000000","2020年","33586","新庄村","","866","331","330","-50","-5.77367","1","0.30303","87.15596","67.11","12.2"
"2020000000","2020年","33606","鏡野町","","12,847","4,639","4,669","-779","-6.06367","-30","-0.64254","92.96450","419.68","28.8"
"2020000000","2020年","33622","勝央町","","11,125","4,101","4,054","-231","-2.07640","47","1.15935","91.59339","54.05","201.6"
"2020000000","2020年","33623","奈義町","","5,906","1,942","1,978","-324","-5.48595","-36","-1.82002","99.28597","69.52","80.3"
"2020000000","2020年","33643","西粟倉村","","1,472","574","561","-72","-4.89130","13","2.31729","87.16578","57.97","24.2"
"2020000000","2020年","33663","久米南町","","4,907","1,792","1,893","-373","-7.60139","-101","-5.33545","91.95597","78.65","57.6"
"2020000000","2020年","33666","美咲町","","14,432","5,023","5,258","-1,367","-9.47201","-235","-4.46938","91.14850","232.17","56.3"
"2020000000","2020年","33681","吉備中央町","","11,950","4,245","4,374","-1,056","-8.83682","-129","-2.94925","93.84342","268.78","40.5"
"2020000000","2020年","34000","広島県","","2,843,990","1,241,484","1,211,425","-42,602","-1.49797","30,059","2.48129","93.99764","8,479.65","330.4"
"2020000000","2020年","34100","広島市","","1,194,034","553,993","531,605","7,247","0.60693","22,388","4.21140","93.18945","906.69","1,324.9"
"2020000000","2020年","34101","広島市中区","","136,640","81,487","76,889","6,106","4.46868","4,598","5.98005","90.12773","15.32","9,317.6"
"2020000000","2020年","34102","広島市東区","","120,155","52,980","51,790","-758","-0.63085","1,190","2.29774","90.96798","39.42","3,028.8"
"2020000000","2020年","34103","広島市南区","","142,728","72,075","68,785","3,161","2.21470","3,290","4.78302","96.29580","26.46","5,513.6"
"2020000000","2020年","34104","広島市西区","","190,929","93,627","90,461","-602","-0.31530","3,166","3.49985","91.81549","35.61","5,344.8"
"2020000000","2020年","34105","広島市安佐南区","","242,512","105,924","99,411","4,606","1.89929","6,513","6.55159","94.89262","117.03","2,111.6"
"2020000000","2020年","34106","広島市安佐北区","","145,018","57,652","57,151","-5,978","-4.12225","501","0.87663","90.30673","353.33","393.5"
"2020000000","2020年","34107","広島市安芸区","","79,353","31,572","31,302","-2,226","-2.80519","270","0.86256","98.57110","94.08","819.8"
"2020000000","2020年","34108","広島市佐伯区","","136,699","58,676","55,816","2,938","2.14925","2,860","5.12398","94.02112","225.43","619.4"
"2020000000","2020年","34202","呉市","","228,552","94,580","97,412","-13,835","-6.05333","-2,832","-2.90724","93.58524","352.83","608.6"
"2020000000","2020年","34203","竹原市","","26,426","10,769","11,204","-2,409","-9.11602","-435","-3.88254","90.92933","118.23","203.1"
"2020000000","2020年","34204","三原市","","96,194","39,087","39,888","-5,546","-5.76543","-801","-2.00812","90.94643","471.51","192.3"
"2020000000","2020年","34205","尾道市","","138,626","57,571","57,759","-7,383","-5.32584","-188","-0.32549","93.64515","285.11","460.3"
"2020000000","2020年","34207","福山市","","464,811","191,798","185,555","-3,543","-0.76225","6,243","3.36450","94.67056","518.14","890.2"
"2020000000","2020年","34208","府中市","","40,069","14,874","15,039","-2,392","-5.96970","-165","-1.09715","92.70151","195.75","192.5"
"2020000000","2020年","34209","三次市","","53,615","21,409","21,376","-2,893","-5.39588","33","0.15438","91.41822","778.18","65.2"
"2020000000","2020年","34210","庄原市","","37,000","13,700","14,455","-3,279","-8.86216","-755","-5.22311","90.82678","1,246.49","27.1"
"2020000000","2020年","34211","大竹市","","27,865","11,587","11,749","-1,539","-5.52306","-162","-1.37884","94.94964","78.66","334.7"
"2020000000","2020年","34212","東広島市","","192,907","90,943","84,847","3,848","1.99474","6,096","7.18470","102.68976","635.16","309.8"
"2020000000","2020年","34213","廿日市市","","114,906","47,642","46,039","-653","-0.56829","1,603","3.48183","90.89572","489.49","233.4"
"2020000000","2020年","34214","安芸高田市","","29,488","11,023","11,657","-3,025","-10.25841","-634","-5.43879","91.06859","537.71","49.2"
"2020000000","2020年","34215","江田島市","","24,339","10,185","10,741","-2,402","-9.86893","-556","-5.17643","101.05398","100.72","217.8"
"2020000000","2020年","34302","府中町","","51,053","21,673","21,109","140","0.27422","564","2.67185","95.46027","10.41","4,917.7"
"2020000000","2020年","34304","海田町","","28,667","12,870","12,246","979","3.41508","624","5.09554","96.87874","13.79","2,149.8"
"2020000000","2020年","34307","熊野町","","23,755","9,420","9,430","-911","-3.83498","-10","-0.10604","92.28956","33.76","676.7"
"2020000000","2020年","34309","坂町","","12,747","5,228","5,132","-155","-1.21597","96","1.87062","90.70120","15.69","802.5"
"2020000000","2020年","34368","安芸太田町","","6,472","2,588","2,781","-728","-11.24845","-193","-6.93995","87.22295","341.89","16.8"
"2020000000","2020年","34369","北広島町","","18,918","7,667","7,728","-1,140","-6.02601","-61","-0.78934","97.31410","646.20","27.5"
"2020000000","2020年","34431","大崎上島町","","7,992","3,436","3,898","-831","-10.39790","-462","-11.85223","104.71698","43.11","166.1"
"2020000000","2020年","34462","世羅町","","16,337","6,105","6,242","-1,194","-7.30856","-137","-2.19481","89.64308","278.14","54.4"
"2020000000","2020年","34545","神石高原町","","9,217","3,336","3,533","-958","-10.39384","-197","-5.57600","91.00370","381.98","21.6"
"2020000000","2020年","35000","山口県","","1,404,729","597,418","598,834","-61,742","-4.39530","-1,416","-0.23646","90.16499","6,112.54","219.7"
"2020000000","2020年","35201","下関市","","268,517","115,441","116,298","-13,318","-4.95983","-857","-0.73690","86.93706","716.10","356.4"
"2020000000","2020年","35202","宇部市","","169,429","72,564","73,225","-6,722","-3.96744","-661","-0.90270","91.61838","286.65","567.6"
"2020000000","2020年","35203","山口市","","197,422","86,623","84,994","-3,312","-1.67762","1,629","1.91661","90.79212","1,023.23","189.7"
"2020000000","2020年","35204","萩市","","49,560","20,330","21,620","-4,899","-9.88499","-1,290","-5.96670","85.74696","698.31","64.0"
"2020000000","2020年","35206","防府市","","115,942","48,707","47,573","-1,904","-1.64220","1,134","2.38371","93.00342","189.37","602.2"
"2020000000","2020年","35207","下松市","","55,812","24,680","23,757","148","0.26518","923","3.88517","96.04134","89.36","626.2"
"2020000000","2020年","35208","岩国市","","136,757","57,997","59,080","-7,531","-5.50685","-1,083","-1.83311","89.38097","873.72","147.9"
"2020000000","2020年","35210","光市","","51,369","21,392","20,953","-1,548","-3.01349","439","2.09517","90.73160","92.13","540.8"
"2020000000","2020年","35211","長門市","","35,439","14,140","14,666","-2,902","-8.18872","-526","-3.58653","86.02138","357.31","91.1"
"2020000000","2020年","35212","柳井市","","32,945","13,897","14,170","-2,124","-6.44711","-273","-1.92661","87.07739","140.05","220.1"
"2020000000","2020年","35213","美祢市","","26,159","9,402","10,095","-2,892","-11.05547","-693","-6.86478","87.41039","472.64","49.2"
"2020000000","2020年","35215","周南市","","144,842","63,082","61,999","-7,235","-4.99510","1,083","1.74680","93.98480","656.29","209.7"
"2020000000","2020年","35216","山陽小野田市","","62,671","26,082","25,740","-2,304","-3.67634","342","1.32867","90.25812","133.09","453.6"
"2020000000","2020年","35305","周防大島町","","17,199","7,197","8,038","-2,389","-13.89034","-841","-10.46280","85.51923","138.09","107.2"
"2020000000","2020年","35321","和木町","","6,285","2,472","2,593","-249","-3.96181","-121","-4.66641","95.27661","10.58","570.5"
"2020000000","2020年","35341","上関町","","2,803","1,251","1,459","-460","-16.41099","-208","-14.25634","85.95238","34.69","67.5"
"2020000000","2020年","35343","田布施町","","15,317","5,947","6,131","-819","-5.34700","-184","-3.00114","91.11521","50.42","287.5"
"2020000000","2020年","35344","平生町","","12,798","4,849","4,951","-877","-6.85263","-102","-2.06019","87.26045","34.59","344.6"
"2020000000","2020年","35502","阿武町","","3,463","1,365","1,492","-405","-11.69506","-127","-8.51206","80.94675","115.95","26.4"
"2020000000","2020年","36000","徳島県","","755,733","307,835","305,754","-36,029","-4.76742","2,081","0.68061","91.19859","4,146.75","173.6"
"2020000000","2020年","36201","徳島市","","258,554","119,346","115,015","-6,190","-2.39408","4,331","3.76560","90.98518","191.39","1,318.6"
"2020000000","2020年","36202","鳴門市","","59,101","22,441","23,234","-4,437","-7.50749","-793","-3.41310","89.87148","135.66","402.9"
"2020000000","2020年","36203","小松島市","","38,755","15,141","15,233","-2,564","-6.61592","-92","-0.60395","93.28669","45.37","797.7"
"2020000000","2020年","36204","阿南市","","73,019","27,434","27,193","-3,500","-4.79327","241","0.88626","94.06247","279.25","248.9"
"2020000000","2020年","36205","吉野川市","","41,466","15,584","15,714","-2,683","-6.47036","-130","-0.82729","88.65162","144.14","269.1"
"2020000000","2020年","36206","阿波市","","37,202","12,985","13,108","-2,441","-6.56148","-123","-0.93836","90.16905","191.11","181.9"
"2020000000","2020年","36207","美馬市","","30,501","11,098","11,440","-2,407","-7.89154","-342","-2.98951","90.54531","367.14","76.5"
"2020000000","2020年","36208","三好市","","26,836","10,321","11,311","-3,228","-12.02862","-990","-8.75254","88.96982","721.42","32.7"
"2020000000","2020年","36301","勝浦町","","5,301","1,847","1,860","-468","-8.82852","-13","-0.69892","92.09062","69.83","69.2"
"2020000000","2020年","36302","上勝町","","1,545","654","732","-162","-10.48544","-78","-10.65574","89.19289","109.63","12.6"
"2020000000","2020年","36321","佐那河内村","","2,289","771","793","-229","-10.00437","-22","-2.77427","94.15646","42.28","48.7"
"2020000000","2020年","36341","石井町","","25,590","9,626","9,327","-731","-2.85658","299","3.20575","89.77785","28.85","861.7"
"2020000000","2020年","36342","神山町","","5,300","2,028","2,156","-648","-12.22642","-128","-5.93692","88.41636","173.30","26.8"
"2020000000","2020年","36368","那賀町","","8,402","3,187","3,481","-1,032","-12.28279","-294","-8.44585","91.37886","694.98","10.6"
"2020000000","2020年","36383","牟岐町","","4,259","1,721","1,871","-512","-12.02160","-150","-8.01710","86.14009","56.62","66.2"
"2020000000","2020年","36387","美波町","","7,092","2,669","2,901","-875","-12.33785","-232","-7.99724","88.50819","140.74","44.2"
"2020000000","2020年","36388","海陽町","","9,283","4,022","4,198","-920","-9.91059","-176","-4.19247","90.28441","327.67","25.5"
"2020000000","2020年","36401","松茂町","","15,204","5,831","5,881","-622","-4.09103","-50","-0.85020","97.18729","14.24","1,024.0"
"2020000000","2020年","36402","北島町","","22,446","9,337","8,824","331","1.47465","513","5.81369","93.25471","8.74","2,606.1"
"2020000000","2020年","36403","藍住町","","34,626","13,967","13,133","629","1.81655","834","6.35041","91.69703","16.27","2,166.9"
"2020000000","2020年","36404","板野町","","13,358","5,019","4,930","-304","-2.27579","89","1.80527","92.28163","36.22","360.4"
"2020000000","2020年","36405","上板町","","12,039","4,253","4,256","-770","-6.39588","-3","-0.07049","91.22688","34.58","325.9"
"2020000000","2020年","36468","つるぎ町","","8,927","3,407","3,838","-1,204","-13.48717","-431","-11.22981","87.86183","194.84","39.6"
"2020000000","2020年","36489","東みよし町","","14,638","5,146","5,325","-1,062","-7.25509","-179","-3.36150","92.02263","122.48","110.8"
"2020000000","2020年","37000","香川県","","976,263","406,464","398,551","-25,214","-2.58271","7,913","1.98544","93.41625","1,876.78","506.7"
"2020000000","2020年","37201","高松市","","420,748","187,255","182,047","-2,945","-0.69994","5,208","2.86080","93.68377","375.42","1,112.9"
"2020000000","2020年","37202","丸亀市","","110,010","45,633","43,853","-421","-0.38269","1,780","4.05902","93.77078","111.83","980.0"
"2020000000","2020年","37203","坂出市","","53,164","21,429","21,361","-2,481","-4.66669","68","0.31834","91.06194","92.49","548.0"
"2020000000","2020年","37204","善通寺市","","32,927","13,120","12,977","-1,284","-3.89954","143","1.10195","98.85000","39.93","792.5"
"2020000000","2020年","37205","観音寺市","","59,409","22,880","21,984","-1,906","-3.20827","896","4.07569","92.22772","117.83","488.0"
"2020000000","2020年","37206","さぬき市","","50,272","19,430","19,752","-3,229","-6.42306","-322","-1.63021","91.59777","158.63","296.6"
"2020000000","2020年","37207","東かがわ市","","31,031","11,938","12,441","-2,731","-8.80088","-503","-4.04308","89.39901","152.83","185.2"
"2020000000","2020年","37208","三豊市","","65,524","23,016","22,761","-3,607","-5.50485","255","1.12034","92.66577","222.70","278.0"
"2020000000","2020年","37322","土庄町","","14,002","5,751","6,061","-1,146","-8.18455","-310","-5.11467","88.72578","74.38","172.8"
"2020000000","2020年","37324","小豆島町","","14,862","6,161","6,411","-973","-6.54690","-250","-3.89955","91.25585","95.59","145.3"
"2020000000","2020年","37341","三木町","","27,684","10,854","10,667","-759","-2.74166","187","1.75307","92.52771","75.78","355.3"
"2020000000","2020年","37364","直島町","","3,139","1,560","1,519","-33","-1.05129","41","2.69914","112.44870","14.22","218.4"
"2020000000","2020年","37386","宇多津町","","18,952","8,700","8,465","-248","-1.30857","235","2.77614","96.44995","8.10","2,309.1"
"2020000000","2020年","37387","綾川町","","23,610","8,822","8,548","-896","-3.79500","274","3.20543","93.98753","109.75","207.0"
"2020000000","2020年","37403","琴平町","","9,186","3,678","3,708","-710","-7.72915","-30","-0.80906","86.90187","8.47","1,000.7"
"2020000000","2020年","37404","多度津町","","23,366","9,741","9,551","-907","-3.88171","190","1.98932","102.68026","24.39","920.8"
"2020000000","2020年","37406","まんのう町","","18,377","6,496","6,445","-938","-5.10421","51","0.79131","91.89040","194.45","89.7"
"2020000000","2020年","38000","愛媛県","","1,385,262","600,715","591,972","-49,568","-3.57824","8,743","1.47693","90.14141","5,676.19","235.3"
"2020000000","2020年","38201","松山市","","514,865","240,777","230,509","-3,296","-0.64017","10,268","4.45449","88.59269","429.35","1,191.5"
"2020000000","2020年","38202","今治市","","158,114","68,263","67,105","-6,358","-4.02115","1,158","1.72565","89.85163","419.21","362.0"
"2020000000","2020年","38203","宇和島市","","77,465","31,379","32,732","-6,645","-8.57807","-1,353","-4.13357","88.25593","468.19","151.3"
"2020000000","2020年","38204","八幡浜市","","34,951","14,413","14,995","-2,956","-8.45755","-582","-3.88129","87.92952","132.65","241.2"
"2020000000","2020年","38205","新居浜市","","119,903","51,205","50,653","-3,898","-3.25096","552","1.08977","93.36423","234.50","494.7"
"2020000000","2020年","38206","西条市","","108,174","45,170","44,595","-3,295","-3.04602","575","1.28938","93.51440","510.04","205.6"
"2020000000","2020年","38207","大洲市","","44,086","17,442","18,057","-3,520","-7.98439","-615","-3.40588","91.90123","432.12","93.9"
"2020000000","2020年","38210","伊予市","","36,827","14,124","14,003","-1,666","-4.52385","121","0.86410","87.32552","194.44","180.8"
"2020000000","2020年","38213","四国中央市","","87,413","35,731","34,999","-4,564","-5.22119","732","2.09149","95.58771","421.24","196.7"
"2020000000","2020年","38214","西予市","","38,919","15,447","16,365","-3,508","-9.01359","-918","-5.60953","88.61724","514.34","68.8"
"2020000000","2020年","38215","東温市","","34,613","14,391","13,978","-696","-2.01081","413","2.95464","91.35120","211.30","160.5"
"2020000000","2020年","38356","上島町","","7,135","3,215","3,386","-625","-8.75964","-171","-5.05021","110.88435","30.38","214.3"
"2020000000","2020年","38386","久万高原町","","8,447","3,636","4,052","-1,034","-12.24103","-416","-10.26654","90.07692","583.69","12.7"
"2020000000","2020年","38401","松前町","","30,064","11,884","11,525","-418","-1.39037","359","3.11497","88.40801","20.41","1,452.5"
"2020000000","2020年","38402","砥部町","","21,239","8,469","8,356","-748","-3.52182","113","1.35232","86.74018","101.59","201.7"
"2020000000","2020年","38422","内子町","","16,742","6,258","6,475","-1,409","-8.41596","-217","-3.35135","90.97023","299.43","51.2"
"2020000000","2020年","38442","伊方町","","9,626","4,076","4,488","-1,225","-12.72595","-412","-9.18004","92.59514","93.98","89.4"
"2020000000","2020年","38484","松野町","","4,072","1,603","1,675","-391","-9.60216","-72","-4.29851","88.57582","98.45","37.4"
"2020000000","2020年","38488","鬼北町","","10,705","4,345","4,614","-1,020","-9.52826","-269","-5.83008","85.39433","241.88","40.0"
"2020000000","2020年","38506","愛南町","","21,902","8,887","9,410","-2,296","-10.48306","-523","-5.55792","88.13933","238.99","82.0"
"2020000000","2020年","39000","高知県","","728,276","314,873","319,011","-36,211","-4.97215","-4,138","-1.29713","89.35472","7,103.63","97.4"
"2020000000","2020年","39201","高知市","","337,190","154,006","153,594","-10,376","-3.07720","412","0.26824","87.46644","309.00","1,057.7"
"2020000000","2020年","39202","室戸市","","13,524","5,934","6,512","-1,780","-13.16179","-578","-8.87592","92.90407","248.22","47.3"
"2020000000","2020年","39203","安芸市","","17,577","7,302","7,604","-1,319","-7.50412","-302","-3.97159","91.06828","317.21","51.3"
"2020000000","2020年","39204","南国市","","47,982","19,726","19,481","-1,280","-2.66767","245","1.25764","90.13150","125.30","372.7"
"2020000000","2020年","39205","土佐市","","27,038","10,258","10,255","-1,276","-4.71928","3","0.02925","92.35421","91.50","281.6"
"2020000000","2020年","39206","須崎市","","22,606","8,650","9,121","-2,003","-8.86048","-471","-5.16391","95.56716","135.34","152.2"
"2020000000","2020年","39208","宿毛市","","20,907","8,568","8,925","-1,863","-8.91089","-357","-4.00000","88.18182","286.20","66.5"
"2020000000","2020年","39209","土佐清水市","","13,778","6,150","6,586","-1,390","-10.08855","-436","-6.62010","89.01434","266.34","46.5"
"2020000000","2020年","39210","四万十市","","34,313","14,839","14,771","-1,594","-4.64547","68","0.46036","89.52155","632.29","51.7"
"2020000000","2020年","39211","香南市","","32,961","13,138","12,953","-732","-2.22081","185","1.42824","92.99958","126.46","254.9"
"2020000000","2020年","39212","香美市","","27,513","11,943","11,979","-957","-3.47836","-36","-0.30053","93.76870","537.86","49.4"
"2020000000","2020年","39301","東洋町","","2,584","1,236","1,382","-391","-15.13158","-146","-10.56440","97.92419","74.02","29.6"
"2020000000","2020年","39302","奈半利町","","3,326","1,408","1,474","-290","-8.71918","-66","-4.47761","86.14347","28.37","107.0"
"2020000000","2020年","39303","田野町","","2,733","1,168","1,188","-235","-8.59861","-20","-1.68350","88.24416","6.53","382.5"
"2020000000","2020年","39304","安田町","","2,631","1,067","1,146","-258","-9.80616","-79","-6.89354","93.08381","52.36","45.3"
"2020000000","2020年","39305","北川村","","1,294","549","582","-148","-11.43740","-33","-5.67010","92.92929","196.73","5.8"
"2020000000","2020年","39306","馬路村","","823","377","391","-76","-9.23451","-14","-3.58056","92.52577","165.48","4.5"
"2020000000","2020年","39307","芸西村","","3,858","1,511","1,488","-162","-4.19907","23","1.54570","87.04453","39.60","93.3"
"2020000000","2020年","39341","本山町","","3,573","1,502","1,688","-309","-8.64819","-186","-11.01896","86.08894","134.22","24.3"
"2020000000","2020年","39344","大豊町","","3,962","1,790","2,050","-706","-17.81928","-260","-12.68293","90.07589","315.06","10.3"
"2020000000","2020年","39363","土佐町","","3,997","1,617","1,734","-247","-6.17963","-117","-6.74740","90.35533","212.13","17.7"
"2020000000","2020年","39364","大川村","","396","199","210","-30","-7.57576","-11","-5.23810","106.77966","95.27","3.8"
"2020000000","2020年","39386","いの町","","22,767","9,120","9,198","-1,373","-6.03066","-78","-0.84801","91.25693","470.97","45.4"
"2020000000","2020年","39387","仁淀川町","","5,551","2,454","2,778","-727","-13.09674","-324","-11.66307","91.27676","333.00","14.5"
"2020000000","2020年","39401","中土佐町","","6,840","2,701","2,916","-838","-12.25146","-215","-7.37311","86.51336","193.21","31.1"
"2020000000","2020年","39402","佐川町","","13,114","5,131","5,237","-778","-5.93259","-106","-2.02406","87.39177","100.80","122.4"
"2020000000","2020年","39403","越知町","","5,795","2,334","2,518","-604","-10.42278","-184","-7.30739","85.32667","111.95","46.4"
"2020000000","2020年","39405","檮原町","","3,608","1,513","1,560","-300","-8.31486","-47","-3.01282","95.04717","236.45","14.0"
"2020000000","2020年","39410","日高村","","5,030","1,976","1,968","-204","-4.05567","8","0.40650","90.67562","44.85","107.6"
"2020000000","2020年","39411","津野町","","5,794","2,204","2,297","-497","-8.57784","-93","-4.04876","90.47105","197.85","26.8"
"2020000000","2020年","39412","四万十町","","17,325","7,150","7,454","-1,729","-9.97980","-304","-4.07835","91.12745","642.28","24.3"
"2020000000","2020年","39424","大月町","","5,095","2,198","2,369","-663","-13.01276","-171","-7.21824","92.27766","102.94","43.1"
"2020000000","2020年","39427","三原村","","1,574","658","703","-134","-8.51334","-45","-6.40114","92.25634","85.37","16.9"
"2020000000","2020年","39428","黒潮町","","11,217","4,496","4,899","-942","-8.39797","-403","-8.22617","92.95775","188.46","54.5"
"2020000000","2020年","40000","福岡県","","5,101,556","2,316,011","2,201,037","37,335","0.73184","114,974","5.22363","89.77354","4,986.51","1,030.6"
"2020000000","2020年","40100","北九州市","","961,286","435,350","426,325","-21,664","-2.25365","9,025","2.11693","89.30100","491.69","1,911.0"
"2020000000","2020年","40101","北九州市門司区","","99,637","43,235","43,082","-5,738","-5.75890","153","0.35514","84.62975","73.67","1,274.6"
"2020000000","2020年","40103","北九州市若松区","","82,877","33,869","33,702","-2,280","-2.75106","167","0.49552","90.63128","71.31","1,130.2"
"2020000000","2020年","40105","北九州市戸畑区","","59,116","28,443","27,797","-1,578","-2.66933","646","2.32399","95.05068","16.61","3,464.1"
"2020000000","2020年","40106","北九州市小倉北区","","181,878","95,956","91,253","1,639","0.90115","4,703","5.15380","88.36166","39.23","4,678.0"
"2020000000","2020年","40107","北九州市小倉南区","","212,850","91,046","88,497","-3,709","-1.74254","2,549","2.88032","90.96496","171.48","1,219.6"
"2020000000","2020年","40108","北九州市八幡東区","","68,844","30,328","31,442","-3,986","-5.78990","-1,114","-3.54303","88.20150","36.26","1,788.7"
"2020000000","2020年","40109","北九州市八幡西区","","256,084","112,473","110,552","-6,012","-2.34767","1,921","1.73764","88.99033","83.13","3,008.2"
"2020000000","2020年","40130","福岡市","","1,538,681","827,083","764,820","74,680","4.85351","62,263","8.14087","89.27520","343.46","4,697.4"
"2020000000","2020年","40131","福岡市東区","","306,015","155,581","141,682","16,668","5.44679","13,899","9.81000","94.45646","69.45","4,646.3"
"2020000000","2020年","40132","福岡市博多区","","228,441","153,462","138,832","23,712","10.37992","14,630","10.53792","93.13633","31.62","7,974.5"
"2020000000","2020年","40133","福岡市中央区","","192,688","127,018","116,186","12,922","6.70618","10,832","9.32298","81.66798","15.39","13,360.0"
"2020000000","2020年","40134","福岡市南区","","255,797","128,536","119,637","9,956","3.89215","8,899","7.43833","85.93358","30.98","8,578.2"
"2020000000","2020年","40135","福岡市西区","","206,868","94,607","88,142","5,861","2.83321","6,465","7.33476","90.19643","84.15","2,528.0"
"2020000000","2020年","40136","福岡市城南区","","130,995","67,302","64,606","1,952","1.49013","2,696","4.17299","88.20890","15.99","8,314.4"
"2020000000","2020年","40137","福岡市早良区","","217,877","100,577","95,735","3,609","1.65644","4,842","5.05771","88.82334","95.87","2,310.3"
"2020000000","2020年","40202","大牟田市","","117,360","49,175","49,398","-5,981","-5.09628","-223","-0.45144","85.19953","81.45","1,367.5"
"2020000000","2020年","40203","久留米市","","304,552","128,306","121,913","-1,056","-0.34674","6,393","5.24390","90.86598","229.96","1,319.8"
"2020000000","2020年","40204","直方市","","57,146","23,614","23,281","-859","-1.50317","333","1.43035","88.35163","61.76","911.4"
"2020000000","2020年","40205","飯塚市","","129,146","55,536","54,732","-2,660","-2.05968","804","1.46898","90.80418","213.96","591.2"
"2020000000","2020年","40206","田川市","","48,441","20,649","20,955","-2,206","-4.55399","-306","-1.46027","83.72740","54.55","847.6"
"2020000000","2020年","40207","柳川市","","67,777","23,897","23,453","-3,237","-4.77596","444","1.89315","89.28907","77.15","836.6"
"2020000000","2020年","40210","八女市","","64,408","22,252","22,109","-3,755","-5.83002","143","0.64680","88.45114","482.44","125.7"
"2020000000","2020年","40211","筑後市","","48,339","18,746","17,379","528","1.09229","1,367","7.86582","91.90622","41.78","1,169.6"
"2020000000","2020年","40212","大川市","","34,838","12,889","12,709","-1,828","-5.24714","180","1.41632","87.77019","33.62","981.9"
"2020000000","2020年","40213","行橋市","","70,586","30,491","28,648","915","1.29629","1,843","6.43326","91.31726","70.06","1,020.6"
"2020000000","2020年","40214","豊前市","","25,940","9,893","10,070","-1,529","-5.89437","-177","-1.75770","87.38773","111.01","219.9"
"2020000000","2020年","40215","中間市","","41,796","17,309","17,414","-1,423","-3.40463","-105","-0.60296","88.50913","15.96","2,529.6"
"2020000000","2020年","40216","小郡市","","57,983","22,775","20,964","1,425","2.45762","1,811","8.63862","87.98215","45.51","1,305.4"
"2020000000","2020年","40217","筑紫野市","","101,081","41,840","39,350","2,293","2.26848","2,490","6.32783","91.18904","87.73","1,178.3"
"2020000000","2020年","40218","春日市","","110,743","46,379","43,720","354","0.31966","2,659","6.08188","91.65560","14.15","7,851.4"
"2020000000","2020年","40219","大野城市","","99,525","42,702","39,885","2,647","2.65963","2,817","7.06281","91.73548","26.89","3,799.6"
"2020000000","2020年","40220","宗像市","","96,516","40,867","38,995","642","0.66517","1,872","4.80062","90.44613","119.94","810.1"
"2020000000","2020年","40221","太宰府市","","72,168","31,001","29,107","1,118","1.54916","1,894","6.50703","90.28899","29.60","2,475.9"
"2020000000","2020年","40223","古賀市","","57,959","23,708","22,320","872","1.50451","1,388","6.21864","90.24998","42.07","1,398.4"
"2020000000","2020年","40224","福津市","","58,781","26,468","22,272","8,360","14.22228","4,196","18.83980","87.55517","52.76","1,272.6"
"2020000000","2020年","40225","うきは市","","29,509","10,073","9,940","-1,497","-5.07303","133","1.33803","88.51874","117.46","238.5"
"2020000000","2020年","40226","宮若市","","28,112","10,373","10,737","-1,785","-6.34960","-364","-3.39015","89.04926","139.99","188.1"
"2020000000","2020年","40227","嘉麻市","","38,743","15,039","15,637","-3,228","-8.33183","-598","-3.82426","85.79649","135.11","262.9"
"2020000000","2020年","40228","朝倉市","","52,444","19,341","19,088","-2,102","-4.00808","253","1.32544","87.94848","246.71","204.1"
"2020000000","2020年","40229","みやま市","","38,139","13,063","12,941","-2,231","-5.84966","122","0.94274","86.75820","105.21","341.3"
"2020000000","2020年","40230","糸島市","","96,475","37,691","34,739","2,470","2.56025","2,952","8.49765","90.40700","215.70","458.7"
"2020000000","2020年","40231","那珂川市","","50,004","19,010","18,291","138","0.27598","719","3.93089","93.19565","74.95","669.0"
"2020000000","2020年","40341","宇美町","","37,927","14,080","13,119","-226","-0.59588","961","7.32525","101.23299","30.21","1,248.0"
"2020000000","2020年","40342","篠栗町","","31,210","12,207","11,539","18","0.05767","668","5.78906","92.56336","38.93","802.2"
"2020000000","2020年","40343","志免町","","45,256","18,993","17,591","1,134","2.50575","1,402","7.96998","92.66550","8.69","5,338.3"
"2020000000","2020年","40344","須恵町","","27,263","10,912","9,919","1,383","5.07281","993","10.01109","92.48757","16.31","1,756.3"
"2020000000","2020年","40345","新宮町","","30,344","12,406","10,946","2,601","8.57171","1,460","13.33821","93.25981","18.93","1,740.4"
"2020000000","2020年","40348","久山町","","8,225","3,282","2,825","854","10.38298","457","16.17699","89.22468","37.44","242.5"
"2020000000","2020年","40349","粕屋町","","45,360","19,828","18,005","2,856","6.29630","1,823","10.12497","97.87417","14.13","3,412.3"
"2020000000","2020年","40381","芦屋町","","14,208","5,596","5,573","-647","-4.55377","23","0.41270","95.85500","11.60","1,169.1"
"2020000000","2020年","40382","水巻町","","28,997","12,228","12,220","-859","-2.96238","8","0.06547","86.78970","11.01","2,555.7"
"2020000000","2020年","40383","岡垣町","","31,580","12,154","11,784","-553","-1.75111","370","3.13985","87.57633","48.64","637.9"
"2020000000","2020年","40384","遠賀町","","18,877","7,550","7,269","-141","-0.74694","281","3.86573","88.47198","22.15","845.9"
"2020000000","2020年","40401","小竹町","","7,810","3,184","3,331","-658","-8.42510","-147","-4.41309","90.92365","14.28","500.8"
"2020000000","2020年","40402","鞍手町","","16,007","6,259","6,393","-913","-5.70375","-134","-2.09604","88.25143","35.60","424.0"
"2020000000","2020年","40421","桂川町","","13,496","5,129","5,226","-601","-4.45317","-97","-1.85610","87.67283","20.14","640.3"
"2020000000","2020年","40447","筑前町","","29,306","10,625","9,767","309","1.05439","858","8.78468","90.40118","67.10","441.4"
"2020000000","2020年","40448","東峰村","","2,174","693","742","-270","-12.41950","-49","-6.60377","84.31752","51.97","36.6"
"2020000000","2020年","40503","大刀洗町","","15,138","5,516","5,008","391","2.58290","508","10.14377","91.92930","22.84","679.9"
"2020000000","2020年","40522","大木町","","14,176","4,768","4,556","-352","-2.48307","212","4.65320","89.89011","18.44","749.7"
"2020000000","2020年","40544","広川町","","20,183","7,449","7,007","-195","-0.96616","442","6.30798","92.17383","37.94","526.8"
"2020000000","2020年","40601","香春町","","10,861","4,330","4,429","-663","-6.10441","-99","-2.23527","86.77656","44.50","229.2"
"2020000000","2020年","40602","添田町","","9,924","3,726","4,029","-1,119","-11.27570","-303","-7.52048","88.26171","132.20","66.6"
"2020000000","2020年","40604","糸田町","","9,020","3,637","3,814","-606","-6.71840","-177","-4.64080","84.07351","8.04","1,046.5"
"2020000000","2020年","40605","川崎町","","16,789","6,917","7,349","-1,599","-9.52409","-432","-5.87835","83.67594","36.14","420.3"
"2020000000","2020年","40608","大任町","","5,176","2,040","2,052","-163","-3.14915","-12","-0.58480","81.96007","14.26","351.5"
"2020000000","2020年","40609","赤村","","3,022","1,072","1,127","-246","-8.14030","-55","-4.88021","87.44092","31.98","86.8"
"2020000000","2020年","40610","福智町","","22,871","8,510","8,727","-1,447","-6.32679","-217","-2.48654","87.37100","42.06","509.4"
"2020000000","2020年","40621","苅田町","","34,963","17,627","15,341","2,728","7.80253","2,286","14.90125","108.81440","49.24","765.5"
"2020000000","2020年","40625","みやこ町","","20,243","7,347","7,527","-1,405","-6.94067","-180","-2.39139","87.77911","151.34","124.5"
"2020000000","2020年","40642","吉富町","","6,627","2,669","2,589","-88","-1.32790","80","3.09000","88.55248","5.72","1,143.2"
"2020000000","2020年","40646","上毛町","","7,458","2,796","2,791","-204","-2.73532","5","0.17915","90.84451","62.44","116.2"
"2020000000","2020年","40647","築上町","","18,587","6,961","7,250","-1,385","-7.45144","-289","-3.98621","92.69631","119.61","143.8"
"2020000000","2020年","41000","佐賀県","","832,832","312,111","302,109","-20,819","-2.49978","10,002","3.31073","89.93834","2,440.69","332.7"
"2020000000","2020年","41201","佐賀市","","236,372","96,697","93,306","-2,906","-1.22942","3,391","3.63428","89.40784","431.84","540.6"
"2020000000","2020年","41202","唐津市","","122,785","44,149","43,872","-5,354","-4.36047","277","0.63138","88.18467","487.60","240.8"
"2020000000","2020年","41203","鳥栖市","","72,902","29,694","27,630","1,356","1.86003","2,064","7.47014","91.72261","71.72","1,035.4"
"2020000000","2020年","41204","多久市","","19,749","6,762","6,847","-1,445","-7.31683","-85","-1.24142","87.73333","96.96","188.8"
"2020000000","2020年","41205","伊万里市","","55,238","19,970","19,698","-2,587","-4.68337","272","1.38085","93.52716","255.25","206.3"
"2020000000","2020年","41206","武雄市","","49,062","17,585","16,932","-1,100","-2.24206","653","3.85660","90.08402","195.40","245.5"
"2020000000","2020年","41207","鹿島市","","29,684","10,029","10,124","-1,769","-5.95944","-95","-0.93836","88.93401","112.12","249.0"
"2020000000","2020年","41208","小城市","","44,259","15,894","14,769","-283","-0.63942","1,125","7.61731","89.51905","95.81","459.0"
"2020000000","2020年","41209","嬉野市","","27,336","9,151","9,214","-1,469","-5.37387","-63","-0.68374","86.49603","126.41","204.6"
"2020000000","2020年","41210","神埼市","","31,842","11,436","10,913","-796","-2.49984","523","4.79245","92.09256","125.13","248.1"
"2020000000","2020年","41327","吉野ヶ里町","","16,411","6,079","5,891","-81","-0.49357","188","3.19131","95.68604","43.99","371.2"
"2020000000","2020年","41341","基山町","","17,501","6,744","6,321","-245","-1.39992","423","6.69198","90.06499","22.15","779.1"
"2020000000","2020年","41345","上峰町","","9,283","3,569","3,260","12","0.12927","309","9.47853","92.00578","12.80","726.2"
"2020000000","2020年","41346","みやき町","","25,278","9,224","8,638","253","1.00087","586","6.78398","91.21480","51.92","491.7"
"2020000000","2020年","41387","玄海町","","5,902","2,231","1,918","-293","-4.96442","313","16.31908","120.65303","35.92","156.2"
"2020000000","2020年","41401","有田町","","20,148","6,975","6,900","-1,120","-5.55886","75","1.08696","85.78403","65.85","289.0"
"2020000000","2020年","41423","大町町","","6,777","2,453","2,560","-472","-6.96473","-107","-4.17969","85.33216","11.50","548.3"
"2020000000","2020年","41424","江北町","","9,583","3,426","3,225","-10","-0.10435","201","6.23256","87.33855","24.49","390.9"
"2020000000","2020年","41425","白石町","","23,941","7,259","7,253","-1,857","-7.75657","6","0.08272","88.34968","99.56","221.8"
"2020000000","2020年","41441","太良町","","8,779","2,784","2,838","-653","-7.43820","-54","-1.90275","89.77113","74.30","109.4"
"2020000000","2020年","42000","長崎県","","1,377,187","558,372","560,720","-64,084","-4.65325","-2,348","-0.41875","88.61653","4,130.98","317.9"
"2020000000","2020年","42201","長崎市","","429,508","187,229","189,419","-20,203","-4.70375","-2,190","-1.15617","85.36189","405.86","1,008.5"
"2020000000","2020年","42202","佐世保市","","255,439","104,106","105,011","-12,052","-4.71815","-905","-0.86181","89.77544","426.01","571.3"
"2020000000","2020年","42203","島原市","","45,436","17,077","17,068","-2,076","-4.56906","9","0.05273","86.88044","82.96","522.7"
"2020000000","2020年","42204","諫早市","","138,078","53,587","51,897","-4,121","-2.98454","1,690","3.25645","90.28524","341.79","391.9"
"2020000000","2020年","42205","大村市","","92,757","38,971","36,070","2,695","2.90544","2,901","8.04269","90.91164","126.73","753.2"
"2020000000","2020年","42207","平戸市","","31,920","11,973","12,421","-2,545","-7.97306","-448","-3.60679","88.28921","235.12","124.9"
"2020000000","2020年","42208","松浦市","","23,309","8,774","8,994","-2,025","-8.68763","-220","-2.44608","93.24496","130.55","163.0"
"2020000000","2020年","42209","対馬市","","31,457","12,684","13,393","-2,946","-9.36517","-709","-5.29381","97.38992","707.42","40.3"
"2020000000","2020年","42210","壱岐市","","27,103","9,715","10,002","-2,129","-7.85522","-287","-2.86943","90.08982","139.42","179.1"
"2020000000","2020年","42211","五島市","","37,327","16,549","17,425","-2,927","-7.84151","-876","-5.02726","88.40024","420.12","81.9"
"2020000000","2020年","42212","西海市","","28,691","11,172","11,494","-2,395","-8.34757","-322","-2.80146","99.59013","241.60","108.8"
"2020000000","2020年","42213","雲仙市","","44,115","15,145","15,376","-2,984","-6.76414","-231","-1.50234","89.09935","214.31","191.9"
"2020000000","2020年","42214","南島原市","","46,535","16,051","16,664","-4,175","-8.97174","-613","-3.67859","86.05877","170.13","249.0"
"2020000000","2020年","42307","長与町","","42,548","16,061","16,237","-1,748","-4.10830","-176","-1.08394","88.87140","28.73","1,420.1"
"2020000000","2020年","42308","時津町","","29,804","11,429","11,137","-448","-1.50315","292","2.62189","92.57413","20.94","1,401.9"
"2020000000","2020年","42321","東彼杵町","","8,298","2,719","2,744","-564","-6.79682","-25","-0.91108","90.96296","74.29","104.1"
"2020000000","2020年","42322","川棚町","","14,067","5,162","5,103","-673","-4.78425","59","1.15618","88.86069","37.25","359.6"
"2020000000","2020年","42323","波佐見町","","14,891","5,025","4,957","-589","-3.95541","68","1.37180","89.68170","56.00","255.4"
"2020000000","2020年","42383","小値賀町","","2,560","1,127","1,210","-269","-10.50781","-83","-6.85950","85.50607","25.50","89.8"
"2020000000","2020年","42391","佐々町","","13,626","5,434","5,102","297","2.17966","332","6.50725","89.89362","32.26","431.6"
"2020000000","2020年","42411","新上五島町","","19,718","8,382","8,996","-2,207","-11.19282","-614","-6.82526","88.89968","213.99","81.8"
"2020000000","2020年","43000","熊本県","","1,786,170","718,364","704,730","-46,959","-2.62903","13,634","1.93464","89.74342","7,409.46","234.7"
"2020000000","2020年","43100","熊本市","","740,822","326,737","315,456","-2,078","-0.28050","11,281","3.57609","89.58779","390.32","1,892.7"
"2020000000","2020年","43101","熊本市中央区","","186,300","99,856","95,754","1,175","0.63070","4,102","4.28389","89.64070","25.45","7,366.4"
"2020000000","2020年","43102","熊本市東区","","190,451","80,321","78,406","-1,062","-0.55762","1,915","2.44242","89.90554","50.19","3,773.4"
"2020000000","2020年","43103","熊本市西区","","93,171","39,804","38,944","-2,028","-2.17664","860","2.20830","88.44047","89.33","1,020.3"
"2020000000","2020年","43104","熊本市南区","","127,769","49,916","47,144","3,145","2.46147","2,772","5.87986","88.97454","110.01","1,190.0"
"2020000000","2020年","43105","熊本市北区","","143,131","56,840","55,208","-3,308","-2.31117","1,632","2.95609","90.41932","115.34","1,212.3"
"2020000000","2020年","43202","八代市","","127,472","49,052","47,972","-4,326","-3.39369","1,080","2.25131","87.07805","681.36","180.7"
"2020000000","2020年","43203","人吉市","","33,880","13,262","13,849","-2,546","-7.51476","-587","-4.23857","84.63261","210.55","148.8"
"2020000000","2020年","43204","荒尾市","","53,407","20,756","20,910","-2,529","-4.73533","-154","-0.73649","88.64664","57.37","886.8"
"2020000000","2020年","43205","水俣市","","25,411","10,115","10,639","-1,831","-7.20554","-524","-4.92527","86.15300","163.29","144.4"
"2020000000","2020年","43206","玉名市","","66,782","25,255","24,474","-2,415","-3.61624","781","3.19114","89.59352","152.60","421.8"
"2020000000","2020年","43208","山鹿市","","52,264","19,074","19,145","-3,182","-6.08832","-71","-0.37085","88.22672","299.69","163.8"
"2020000000","2020年","43210","菊池市","","48,167","17,576","16,949","-1,694","-3.51693","627","3.69933","90.50215","276.85","167.9"
"2020000000","2020年","43211","宇土市","","37,026","13,475","13,285","-834","-2.25247","190","1.43018","91.44142","74.30","487.1"
"2020000000","2020年","43212","上天草市","","27,006","10,016","10,477","-2,422","-8.96838","-461","-4.40011","88.03733","126.94","193.7"
"2020000000","2020年","43213","宇城市","","59,756","21,524","21,432","-2,681","-4.48658","92","0.42926","89.69987","188.61","302.6"
"2020000000","2020年","43214","阿蘇市","","27,018","9,970","10,078","-2,052","-7.59494","-108","-1.07164","89.22237","376.30","66.3"
"2020000000","2020年","43215","天草市","","82,739","31,855","33,224","-6,913","-8.35519","-1,369","-4.12052","87.65096","683.82","110.9"
"2020000000","2020年","43216","合志市","","58,370","22,255","20,560","3,459","5.92599","1,695","8.24416","92.60171","53.19","1,162.4"
"2020000000","2020年","43348","美里町","","10,333","3,433","3,611","-927","-8.97126","-178","-4.92938","86.66402","144.00","65.3"
"2020000000","2020年","43364","玉東町","","5,265","1,813","1,825","-218","-4.14055","-12","-0.65753","90.74074","24.33","207.4"
"2020000000","2020年","43367","南関町","","9,786","3,414","3,560","-818","-8.35888","-146","-4.10112","91.21535","68.92","130.1"
"2020000000","2020年","43368","長洲町","","15,889","6,433","6,139","-506","-3.18459","294","4.78905","99.49423","19.44","791.3"
"2020000000","2020年","43369","和水町","","10,191","3,415","3,512","-844","-8.28182","-97","-2.76196","89.01921","98.78","94.6"
"2020000000","2020年","43403","大津町","","33,452","14,147","12,705","1,760","5.26127","1,442","11.34986","98.32160","99.10","355.3"
"2020000000","2020年","43404","菊陽町","","40,984","17,779","15,950","2,392","5.83642","1,829","11.46708","95.92574","37.46","1,157.9"
"2020000000","2020年","43423","南小国町","","4,048","1,601","1,642","-311","-7.68281","-41","-2.49695","90.27495","115.90","32.2"
"2020000000","2020年","43424","小国町","","7,187","2,665","2,805","-588","-8.18144","-140","-4.99109","90.77768","136.94","48.2"
"2020000000","2020年","43425","産山村","","1,510","516","526","-126","-8.34437","-10","-1.90114","106.56716","60.81","22.8"
"2020000000","2020年","43428","高森町","","6,325","2,393","2,463","-538","-8.50593","-70","-2.84206","92.57903","175.06","33.1"
"2020000000","2020年","43432","西原村","","6,802","2,348","2,341","-372","-5.46898","7","0.29902","93.67470","77.22","83.3"
"2020000000","2020年","43433","南阿蘇村","","11,503","4,029","4,676","-1,660","-14.43102","-647","-13.83661","94.94949","137.32","71.7"
"2020000000","2020年","43441","御船町","","17,237","6,192","6,317","-923","-5.35476","-125","-1.97879","90.80702","99.03","164.7"
"2020000000","2020年","43442","嘉島町","","9,054","3,476","3,170","499","5.51138","306","9.65300","92.17461","16.65","573.8"
"2020000000","2020年","43443","益城町","","33,611","11,728","11,477","-1,082","-3.21918","251","2.18698","92.16092","65.68","495.3"
"2020000000","2020年","43444","甲佐町","","10,717","3,671","3,710","-578","-5.39330","-39","-1.05121","90.43952","57.93","175.0"
"2020000000","2020年","43447","山都町","","15,149","5,269","5,594","-1,628","-10.74658","-325","-5.80980","90.89369","544.67","24.8"
"2020000000","2020年","43468","氷川町","","11,994","3,932","3,878","-893","-7.44539","54","1.39247","84.43263","33.36","332.8"
"2020000000","2020年","43482","芦北町","","17,661","5,997","6,481","-1,973","-11.17151","-484","-7.46798","88.64839","234.01","67.0"
"2020000000","2020年","43484","津奈木町","","4,673","1,687","1,744","-418","-8.94500","-57","-3.26835","87.94170","34.08","124.9"
"2020000000","2020年","43501","錦町","","10,766","3,729","3,641","-474","-4.40275","88","2.41692","90.59259","85.04","121.0"
"2020000000","2020年","43505","多良木町","","9,791","3,445","3,537","-709","-7.24134","-92","-2.60107","88.57973","165.86","54.8"
"2020000000","2020年","43506","湯前町","","3,985","1,401","1,479","-358","-8.98369","-78","-5.27383","88.22003","48.37","75.0"
"2020000000","2020年","43507","水上村","","2,232","787","822","-199","-8.91577","-35","-4.25791","85.83181","190.96","10.6"
"2020000000","2020年","43510","相良村","","4,468","1,473","1,504","-365","-8.16920","-31","-2.06117","90.21790","94.54","43.4"
"2020000000","2020年","43511","五木村","","1,055","424","461","-123","-11.65877","-37","-8.02603","94.16667","252.92","3.7"
"2020000000","2020年","43512","山江村","","3,422","1,131","1,149","-183","-5.34775","-18","-1.56658","85.93571","121.19","26.7"
"2020000000","2020年","43513","球磨村","","3,698","980","1,368","-1,260","-34.07247","-388","-28.36257","92.72727","207.58","11.7"
"2020000000","2020年","43514","あさぎり町","","15,523","5,348","5,298","-838","-5.39844","50","0.94375","85.76850","159.56","92.0"
"2020000000","2020年","43531","苓北町","","7,739","2,786","2,895","-654","-8.45070","-109","-3.76511","91.69372","67.58","104.8"
"2020000000","2020年","44000","大分県","","1,166,338","488,229","486,535","-41,741","-3.57881","1,694","0.34818","90.26557","6,340.76","177.4"
"2020000000","2020年","44201","大分市","","478,146","209,210","203,515","-2,294","-0.47977","5,695","2.79832","92.33182","502.39","947.2"
"2020000000","2020年","44202","別府市","","122,138","54,080","55,624","-6,722","-5.50361","-1,544","-2.77578","83.24654","125.34","920.8"
"2020000000","2020年","44203","中津市","","83,965","37,519","35,785","-1,054","-1.25528","1,734","4.84561","94.61762","491.44","168.7"
"2020000000","2020年","44204","日田市","","66,523","25,105","25,238","-3,826","-5.75139","-133","-0.52698","89.93911","666.03","94.1"
"2020000000","2020年","44205","佐伯市","","72,211","28,690","29,574","-5,303","-7.34376","-884","-2.98911","85.79362","903.14","74.1"
"2020000000","2020年","44206","臼杵市","","38,748","14,745","15,077","-2,572","-6.63776","-332","-2.20203","89.57187","291.20","124.2"
"2020000000","2020年","44207","津久見市","","17,969","6,993","7,518","-1,860","-10.35116","-525","-6.98324","87.20511","79.48","202.7"
"2020000000","2020年","44208","竹田市","","22,332","8,680","9,100","-1,975","-8.84381","-420","-4.61538","87.57026","477.53","42.6"
"2020000000","2020年","44209","豊後高田市","","22,853","9,313","9,572","-711","-3.11119","-259","-2.70581","90.25606","206.24","107.4"
"2020000000","2020年","44210","杵築市","","30,185","11,998","12,084","-2,160","-7.15587","-86","-0.71168","92.10995","280.08","100.1"
"2020000000","2020年","44211","宇佐市","","56,258","21,922","22,524","-3,448","-6.12891","-602","-2.67270","89.10693","439.05","120.3"
"2020000000","2020年","44212","豊後大野市","","36,584","13,791","14,326","-2,843","-7.77116","-535","-3.73447","87.11735","603.14","55.9"
"2020000000","2020年","44213","由布市","","34,262","13,163","13,291","-1,475","-4.30506","-128","-0.96306","90.71080","319.32","102.7"
"2020000000","2020年","44214","国東市","","28,647","11,899","12,112","-2,401","-8.38133","-213","-1.75859","91.06064","318.10","82.5"
"2020000000","2020年","44322","姫島村","","1,991","832","879","-265","-13.30989","-47","-5.34699","87.40499","6.99","246.9"
"2020000000","2020年","44341","日出町","","28,058","11,105","10,855","-311","-1.10842","250","2.30309","91.21356","73.32","378.4"
"2020000000","2020年","44461","九重町","","9,645","3,314","3,473","-1,097","-11.37377","-159","-4.57817","89.53437","271.37","31.5"
"2020000000","2020年","44462","玖珠町","","15,823","5,870","5,988","-1,424","-8.99956","-118","-1.97061","93.22330","286.60","50.2"
"2020000000","2020年","45000","宮崎県","","1,104,069","469,690","462,858","-33,856","-3.06648","6,832","1.47605","89.29762","7,735.22","138.4"
"2020000000","2020年","45201","宮崎市","","401,138","184,023","175,408","453","0.11293","8,615","4.91141","89.23513","643.67","623.9"
"2020000000","2020年","45202","都城市","","165,029","71,077","69,965","-4,293","-2.60136","1,112","1.58937","88.19562","653.36","246.0"
"2020000000","2020年","45203","延岡市","","125,159","51,597","51,751","-6,709","-5.36038","-154","-0.29758","89.97290","868.02","136.5"
"2020000000","2020年","45204","日南市","","54,090","22,041","22,678","-3,199","-5.91422","-637","-2.80889","88.81386","536.11","94.9"
"2020000000","2020年","45205","小林市","","46,221","19,168","19,498","-2,503","-5.41529","-330","-1.69248","86.98888","562.95","77.7"
"2020000000","2020年","45206","日向市","","61,761","25,096","24,815","-2,114","-3.42287","281","1.13238","90.74222","336.95","177.0"
"2020000000","2020年","45207","串間市","","18,779","7,218","7,952","-1,951","-10.38926","-734","-9.23038","88.00134","295.17","57.0"
"2020000000","2020年","45208","西都市","","30,683","11,786","12,004","-2,040","-6.64863","-218","-1.81606","88.29214","438.79","65.3"
"2020000000","2020年","45209","えびの市","","19,538","8,010","8,568","-1,893","-9.68881","-558","-6.51261","89.62923","282.93","62.4"
"2020000000","2020年","45341","三股町","","25,404","10,132","9,967","191","0.75185","165","1.65546","87.28962","110.02","232.6"
"2020000000","2020年","45361","高原町","","9,300","3,755","3,914","-654","-7.03226","-159","-4.06234","91.28319","85.39","101.3"
"2020000000","2020年","45382","国富町","","19,606","7,470","7,606","-1,196","-6.10017","-136","-1.78806","87.85714","130.63","140.9"
"2020000000","2020年","45383","綾町","","7,345","2,864","2,915","-407","-5.54118","-51","-1.74957","88.94336","95.19","72.9"
"2020000000","2020年","45401","高鍋町","","21,025","8,682","8,678","-1,097","-5.21760","4","0.04609","91.08256","43.80","455.0"
"2020000000","2020年","45402","新富町","","17,373","6,431","6,376","-802","-4.61636","55","0.86261","95.57418","61.53","269.3"
"2020000000","2020年","45403","西米良村","","1,089","531","509","-89","-8.17264","22","4.32220","96.85039","271.51","3.7"
"2020000000","2020年","45404","木城町","","5,231","1,886","1,958","-333","-6.36590","-72","-3.67722","84.96979","145.96","33.6"
"2020000000","2020年","45405","川南町","","16,109","6,030","5,936","-913","-5.66764","94","1.58356","88.79364","90.12","168.6"
"2020000000","2020年","45406","都農町","","10,391","3,959","3,940","-478","-4.60013","19","0.48223","89.36008","102.11","97.1"
"2020000000","2020年","45421","門川町","","18,183","6,870","6,824","-796","-4.37772","46","0.67409","90.87715","120.40","144.4"
"2020000000","2020年","45429","諸塚村","","1,739","628","688","-253","-14.54859","-60","-8.72093","95.26938","187.56","7.9"
"2020000000","2020年","45430","椎葉村","","2,808","1,057","1,128","-302","-10.75499","-71","-6.29433","102.75081","537.29","4.7"
"2020000000","2020年","45431","美郷町","","5,480","2,137","2,332","-652","-11.89781","-195","-8.36192","93.89558","448.84","10.8"
"2020000000","2020年","45441","高千穂町","","12,755","4,516","4,678","-1,106","-8.67111","-162","-3.46302","92.73660","237.54","49.0"
"2020000000","2020年","45442","日之影町","","3,946","1,492","1,493","-309","-7.83071","-1","-0.06698","92.33210","277.67","13.1"
"2020000000","2020年","45443","五ヶ瀬町","","3,887","1,234","1,277","-411","-10.57371","-43","-3.36727","95.39067","171.73","20.2"
"2020000000","2020年","46000","鹿児島県","","1,648,177","727,135","724,690","-58,971","-3.57795","2,445","0.33739","89.01006","9,187.06","173.0"
"2020000000","2020年","46201","鹿児島市","","599,814","279,077","270,269","-6,354","-1.05933","8,808","3.25898","87.05086","547.58","1,083.8"
"2020000000","2020年","46203","鹿屋市","","103,608","45,778","44,911","-2,404","-2.32028","867","1.93048","91.76867","448.15","225.8"
"2020000000","2020年","46204","枕崎市","","22,046","9,428","10,062","-1,994","-9.04472","-634","-6.30093","84.35230","74.78","268.1"
"2020000000","2020年","46206","阿久根市","","21,198","8,614","9,196","-1,909","-9.00557","-582","-6.32884","88.71930","134.28","143.6"
"2020000000","2020年","46208","出水市","","53,758","22,823","22,508","-1,742","-3.24045","315","1.39950","87.23588","329.98","157.6"
"2020000000","2020年","46210","指宿市","","41,831","17,773","18,509","-2,786","-6.66013","-736","-3.97644","86.49694","148.84","262.3"
"2020000000","2020年","46213","西之表市","","15,967","7,041","7,368","-1,266","-7.92885","-327","-4.43811","91.71883","205.66","71.5"
"2020000000","2020年","46214","垂水市","","15,520","6,560","6,988","-1,703","-10.97294","-428","-6.12479","86.16276","162.12","85.2"
"2020000000","2020年","46215","薩摩川内市","","96,076","40,989","40,686","-3,617","-3.76473","303","0.74473","93.08552","682.92","135.4"
"2020000000","2020年","46216","日置市","","49,249","19,417","19,649","-2,083","-4.22953","-232","-1.18072","88.62627","253.01","186.4"
"2020000000","2020年","46217","曽於市","","36,557","15,341","16,134","-3,245","-8.87655","-793","-4.91509","87.59926","390.14","85.4"
"2020000000","2020年","46218","霧島市","","125,857","55,463","54,334","-2,652","-2.10715","1,129","2.07789","91.85132","603.16","204.3"
"2020000000","2020年","46219","いちき串木野市","","29,282","11,973","12,159","-1,771","-6.04808","-186","-1.52973","86.31315","112.29","245.0"
"2020000000","2020年","46220","南さつま市","","35,439","14,448","15,361","-2,545","-7.18135","-913","-5.94362","84.97441","283.59","116.0"
"2020000000","2020年","46221","志布志市","","31,479","13,235","13,869","-2,136","-6.78548","-634","-4.57135","91.30917","290.28","101.1"
"2020000000","2020年","46222","奄美市","","43,156","19,613","19,627","-1,740","-4.03188","-14","-0.07133","91.36864","308.33","134.3"
"2020000000","2020年","46223","南九州市","","36,352","14,411","15,349","-3,234","-8.89635","-938","-6.11115","87.45684","357.91","92.5"
"2020000000","2020年","46224","伊佐市","","26,810","11,397","12,110","-2,349","-8.76166","-713","-5.88770","86.05766","392.56","62.3"
"2020000000","2020年","46225","姶良市","","75,173","32,908","31,435","1,232","1.63889","1,473","4.68586","88.00443","231.25","330.4"
"2020000000","2020年","46303","三島村","","407","218","223","-2","-0.49140","-5","-2.24215","89.25234","31.39","12.9"
"2020000000","2020年","46304","十島村","","756","426","427","-16","-2.11640","-1","-0.23419","125.60976","101.14","7.3"
"2020000000","2020年","46392","さつま町","","22,400","9,234","9,690","-2,128","-9.50000","-456","-4.70588","87.13191","303.90","66.7"
"2020000000","2020年","46404","長島町","","10,431","3,977","4,137","-712","-6.82581","-160","-3.86754","94.06949","116.19","83.6"
"2020000000","2020年","46452","湧水町","","10,327","4,103","4,323","-1,197","-11.59098","-220","-5.08906","93.22751","144.29","63.3"
"2020000000","2020年","46468","大崎町","","13,241","5,907","6,074","-856","-6.46477","-167","-2.74942","89.92486","100.67","123.0"
"2020000000","2020年","46482","東串良町","","6,530","2,773","2,826","-294","-4.50230","-53","-1.87544","89.08429","27.78","224.5"
"2020000000","2020年","46490","錦江町","","7,923","3,172","3,442","-979","-12.35643","-270","-7.84428","88.18428","163.19","42.6"
"2020000000","2020年","46491","南大隅町","","7,542","3,153","3,559","-1,060","-14.05463","-406","-11.40770","90.53498","213.57","30.4"
"2020000000","2020年","46492","肝付町","","15,664","6,427","6,974","-1,427","-9.11006","-547","-7.84342","96.21003","308.10","46.2"
"2020000000","2020年","46501","中種子町","","8,135","3,597","3,741","-597","-7.33866","-144","-3.84924","89.15935","137.18","54.9"
"2020000000","2020年","46502","南種子町","","5,745","2,673","2,727","-300","-5.22193","-54","-1.98020","100.25745","110.36","49.3"
"2020000000","2020年","46505","屋久島町","","12,913","5,840","6,133","-1,044","-8.08488","-293","-4.77743","95.72889","540.48","22.0"
"2020000000","2020年","46523","大和村","","1,530","688","709","-164","-10.71895","-21","-2.96192","97.39884","88.26","15.5"
"2020000000","2020年","46524","宇検村","","1,722","810","866","-101","-5.86527","-56","-6.46651","95.30120","103.07","15.7"
"2020000000","2020年","46525","瀬戸内町","","9,042","4,263","4,413","-484","-5.35280","-150","-3.39905","96.78087","239.65","35.7"
"2020000000","2020年","46527","龍郷町","","5,806","2,563","2,414","14","0.24113","149","6.17233","93.48404","81.82","71.1"
"2020000000","2020年","46529","喜界町","","7,212","3,306","3,363","-584","-8.09762","-57","-1.69492","96.61821","56.82","116.6"
"2020000000","2020年","46530","徳之島町","","11,160","4,712","4,960","-999","-8.95161","-248","-5.00000","95.66724","104.92","96.8"
"2020000000","2020年","46531","天城町","","5,975","2,524","2,623","-451","-7.54812","-99","-3.77430","101.60584","80.40","68.7"
"2020000000","2020年","46532","伊仙町","","6,362","2,781","2,885","-223","-3.50519","-104","-3.60485","100.22831","62.71","97.9"
"2020000000","2020年","46533","和泊町","","6,783","2,881","2,909","-537","-7.91685","-28","-0.96253","97.28364","40.39","154.6"
"2020000000","2020年","46534","知名町","","6,213","2,658","2,692","-465","-7.48431","-34","-1.26300","99.03047","53.30","107.8"
"2020000000","2020年","46535","与論町","","5,186","2,160","2,056","-67","-1.29194","104","5.05837","92.51598","20.58","248.7"
"2020000000","2020年","47000","沖縄県","","1,433,566","612,749","560,424","34,844","2.43058","52,325","9.33668","96.97563","2,282.59","643.3"
"2020000000","2020年","47201","那覇市","","319,435","144,041","135,532","-1,603","-0.50182","8,509","6.27822","94.09469","41.42","7,673.4"
"2020000000","2020年","47205","宜野湾市","","96,243","44,064","39,333","3,949","4.10316","4,731","12.02807","95.09687","19.80","5,060.2"
"2020000000","2020年","47207","石垣市","","47,564","21,969","20,514","111","0.23337","1,455","7.09272","101.34724","229.15","208.1"
"2020000000","2020年","47208","浦添市","","114,232","46,885","44,041","1,509","1.32100","2,844","6.45762","93.66989","19.50","5,935.4"
"2020000000","2020年","47209","名護市","","61,674","28,381","26,142","1,890","3.06450","2,239","8.56476","98.93590","210.94","301.3"
"2020000000","2020年","47210","糸満市","","58,547","23,029","20,647","2,478","4.23250","2,382","11.53679","101.24324","46.63","1,308.7"
"2020000000","2020年","47211","沖縄市","","139,279","60,451","53,325","3,561","2.55674","7,126","13.36334","94.73756","49.72","2,872.9"
"2020000000","2020年","47212","豊見城市","","61,119","24,515","21,780","3,521","5.76089","2,735","12.55739","94.90427","19.31","3,347.5"
"2020000000","2020年","47213","うるま市","","118,898","47,959","42,378","6,508","5.47360","5,581","13.16957","101.14200","87.02","1,441.1"
"2020000000","2020年","47214","宮古島市","","51,186","24,156","21,977","1,776","3.46970","2,179","9.91491","100.03777","204.27","259.3"
"2020000000","2020年","47215","南城市","","42,016","15,884","14,295","2,055","4.89099","1,589","11.11577","101.22825","49.94","882.5"
"2020000000","2020年","47301","国頭村","","4,908","1,976","2,061","-387","-7.88509","-85","-4.12421","105.03401","194.80","23.2"
"2020000000","2020年","47302","大宜味村","","3,060","1,306","1,262","44","1.43791","44","3.48653","112.02186","63.55","48.8"
"2020000000","2020年","47303","東村","","1,720","723","748","-121","-7.03488","-25","-3.34225","123.32402","81.88","19.5"
"2020000000","2020年","47306","今帰仁村","","9,531","3,550","3,490","-627","-6.57853","60","1.71920","100.72137","39.93","223.0"
"2020000000","2020年","47308","本部町","","13,536","5,385","5,237","-993","-7.33599","148","2.82605","102.17602","54.36","230.7"
"2020000000","2020年","47311","恩納村","","10,652","4,723","4,065","233","2.18738","658","16.18696","102.47396","50.84","214.1"
"2020000000","2020年","47313","宜野座村","","5,597","2,236","2,003","240","4.28801","233","11.63255","99.21502","31.30","186.5"
"2020000000","2020年","47314","金武町","","11,232","4,664","4,611","-404","-3.59687","53","1.14943","98.46041","37.84","286.2"
"2020000000","2020年","47315","伊江村","","4,260","1,896","1,917","-137","-3.21596","-21","-1.09546","101.22011","22.78","181.0"
"2020000000","2020年","47324","読谷村","","39,504","15,664","13,658","1,736","4.39449","2,006","14.68736","96.40901","35.28","1,168.9"
"2020000000","2020年","47325","嘉手納町","","13,685","5,219","5,069","-154","-1.12532","150","2.95916","94.18772","15.12","894.9"
"2020000000","2020年","47326","北谷町","","28,308","11,653","10,724","-85","-0.30027","929","8.66281","91.48518","13.93","2,026.1"
"2020000000","2020年","47327","北中城村","","16,148","6,548","5,541","1,836","11.36983","1,007","18.17361","93.00279","11.54","1,558.4"
"2020000000","2020年","47328","中城村","","19,454","8,819","7,209","2,719","13.97656","1,610","22.33319","99.14676","15.53","1,427.8"
"2020000000","2020年","47329","西原町","","34,508","13,493","12,641","488","1.41416","852","6.73997","101.67118","15.90","2,201.0"
"2020000000","2020年","47348","与那原町","","18,410","7,952","7,003","1,295","7.03422","949","13.55134","94.23361","5.18","3,804.1"
"2020000000","2020年","47350","南風原町","","37,502","14,634","12,763","2,956","7.88225","1,871","14.65956","96.16000","10.76","3,760.0"
"2020000000","2020年","47353","渡嘉敷村","","730","389","417","-13","-1.78082","-28","-6.71463","117.27273","19.23","37.3"
"2020000000","2020年","47354","座間味村","","870","501","453","22","2.52874","48","10.59603","119.16462","16.74","53.3"
"2020000000","2020年","47355","粟国村","","759","378","429","-78","-10.27668","-51","-11.88811","127.75920","7.65","89.0"
"2020000000","2020年","47356","渡名喜村","","430","220","267","-82","-19.06977","-47","-17.60300","146.80851","3.87","89.9"
"2020000000","2020年","47357","南大東村","","1,329","680","686","-40","-3.00978","-6","-0.87464","137.38490","30.52","42.2"
"2020000000","2020年","47358","北大東村","","629","326","333","-39","-6.20032","-7","-2.10210","162.22222","13.07","45.1"
"2020000000","2020年","47359","伊平屋村","","1,238","518","516","-110","-8.88530","2","0.38760","116.50672","21.82","51.7"
"2020000000","2020年","47360","伊是名村","","1,517","637","695","-193","-12.72248","-58","-8.34532","118.48185","15.43","85.8"
"2020000000","2020年","47361","久米島町","","7,755","3,329","3,365","-554","-7.14378","-36","-1.06984","113.80641","63.65","113.1"
"2020000000","2020年","47362","八重瀬町","","29,066","10,679","9,625","1,892","6.50932","1,054","10.95065","97.02157","26.96","1,148.3"
"2020000000","2020年","47375","多良間村","","1,194","465","470","-136","-11.39028","-5","-1.06383","119.04762","22.00","48.1"
"2020000000","2020年","47381","竹富町","","3,998","2,093","2,122","-52","-1.30065","-29","-1.36664","106.27287","334.40","11.8"
"2020000000","2020年","47382","与那国町","","1,843","759","1,080","-167","-9.06131","-321","-29.72222","122.57636","28.90","58.0"
